,0
0,0.8221469463337123
1,0.8142956805876935
2,0.8064464842426375
3,0.7985924019165218
4,0.7907416220114574
5,0.7828923022995109
6,0.7750445428138717
7,0.7671913488734801
8,0.7593391980589439
9,0.751482681485143
10,0.7436288617333655
11,0.7357741200017396
12,0.7279118410702792
13,0.7200560404885101
14,0.7121872217506144
15,0.7043158389215642
16,0.6964493019457245
17,0.688575061281296
18,0.7650033786980401
19,1.01143181712144
20,1.256440339456553
21,1.5985958409836287
22,1.8293267891075229
23,2.1400560131852866
24,2.150781722160322
25,2.302933450641926
26,2.7679399486245644
27,2.548653837837832
28,2.4322180608849235
29,2.307208420691852
30,2.0093444094052773
31,1.7457613988201024
32,1.4378883217387306
33,1.1243034904100035
34,0.8092951306007832
35,0.6614257744159215
36,0.5821350396217961
37,0.5942789817663952
38,0.6292912024528057
39,0.7257374984881249
40,0.9236093899795987
41,1.104333687830039
42,1.370776679443958
43,1.6272136522381737
44,1.882212461594947
45,2.4243528319130823
46,2.8079155925989583
47,3.191469799557245
48,4.035028743600757
49,5.028587349274453
50,5.870722706798535
51,6.771424841841201
52,7.009277472161616
53,7.114276819666288
54,7.530706746856928
55,7.617138797029243
56,7.5064244929608925
57,7.002860333419731
58,6.31072650423679
59,5.447156547924697
60,4.543586591192123
61,3.7400254890625524
62,2.930650324103519
63,2.316270060642643
64,1.7481401022860927
65,1.4462633537248806
66,1.0118798619885143
67,0.8300000081876331
68,0.8221469463337123
