,0
0,0.3807524048022968
1,0.3799734946281188
2,0.3791978701952572
3,0.37841744948500944
4,0.3776394879913365
5,0.3768624626039532
6,0.3760844656308908
7,0.3753114310862635
8,0.3745380525313218
9,0.37377228841490684
10,0.3729968011124083
11,0.37222387778786903
12,0.3714494817488383
13,0.3706705993716477
14,0.36988703028162506
15,0.3690980948768061
16,0.3683097990117732
17,0.3675136024308596
18,0.36672485241196906
19,0.4502173072201954
20,0.4894274519236257
21,0.5715001785301983
22,0.7207134968129092
23,0.7570715399093539
24,1.0362878112132625
25,1.325496364743481
26,1.483281791253908
27,1.5596337686504136
28,1.7174111726851282
29,2.0608936701788503
30,1.965803188275394
31,1.8292841348929978
32,1.7999120217183224
33,2.12625567695697
34,1.9654529116669808
35,1.7503702677073683
36,1.3238509617538805
37,0.8844696666492187
38,0.7508054713124801
39,0.6128562548119831
40,0.5006232490539186
41,0.396963237496321
42,0.40044737902019123
43,0.3467938882557764
44,0.3831403012279191
45,0.4509163159015628
46,0.622979487775531
47,0.7821852746083697
48,1.0985322467356309
49,1.5520199822242569
50,2.104073575938874
51,3.4332700164154075
52,4.478181432655646
53,5.291671642770557
54,6.139448146312297
55,7.357226605856775
56,8.046447735024067
57,8.674242970118774
58,8.764891722244881
59,8.539837761620536
60,8.004780959332608
61,7.242588755604931
62,6.41896161558971
63,5.559613923208108
64,4.311699816009763
65,3.1480657213206378
66,2.1901463279807207
67,1.4965026614849544
68,0.8300000005076498
