time,Pbatt,q,der(q),Soc
0,0,0,0,1
1,350,0,6.536227203889666,1
2,350,6.536227203889666,6.536227203889666,0.9999909219066613
3,350,13.07245440777933,6.536227203889666,0.9999818438133224
4,350,19.608681611669,6.536227203889666,0.9999727657199837
5,350,26.14490881555867,6.536227203889666,0.9999636876266451
6,350,32.68113601944833,6.536227203889666,0.9999546095333064
7,350,39.217363223338,6.536227203889666,0.9999455314399676
8,350,45.75359042722766,6.536227203889666,0.9999364533466288
9,350,52.28981763111733,6.536227203889666,0.9999273752532901
10,350,58.826044835007,6.536227203889666,0.9999182971599514
11,3744.350255390482,65.36227203889666,70.60124137423782,0.9999092190666126
12,3752.136824738612,135.9635134131345,70.74964406380286,0.9998111617869263
13,3774.312887918247,206.7131574769372,71.17233008347648,0.9997128983923931
14,6130.850744286631,277.8854875604137,116.4039125202771,0.9996140479339438
15,3773.247621646542,394.2894000806908,71.1520243698119,0.9994523758332212
16,3694.464067255712,465.4414244505026,69.6506296442999,0.9993535535771521
17,3999.690488036536,535.0920540948025,75.47122642120712,0.9992568165915351
18,4335.870472011227,610.5632805160096,81.89409734038782,0.9991519954437278
19,4594.354940158266,692.4573778563977,86.84115733232875,0.9990382536418662
20,6041.253190897513,779.298535188726,114.6726052626741,0.9989176409233489
21,5503.590379674455,893.9711404514001,104.3026631337461,0.9987583734160398
22,5322.605324337423,998.2738035851467,100.8194364643532,0.9986135086061318
23,5232.274359806735,1099.0932400495,99.08232878404624,0.9984734816110423
24,3962.763787743097,1198.175568833545,74.76649282343305,0.9983358672655089
25,3423.742426594519,1272.942061656978,64.49666007235919,0.9982320249143654
26,5215.803370258773,1337.438721729337,98.76568381827428,0.9981424462198204
27,5884.29558962672,1436.204405547611,111.6419204639119,0.9980052716589617
28,6125.13830711666,1547.846326011523,116.2935025561737,0.9978502134360951
29,5403.390710776502,1664.139828567696,102.3737651704841,0.9976886946825448
30,5738.070402177668,1766.513593738181,108.8210170174507,0.9975465088975858
31,5762.213104796562,1875.334610755632,109.28659676601,0.9973953685961727
32,3376.452884692485,1984.621207521642,63.59719611039782,0.99724358165622
33,3884.536903659745,2048.218403632039,73.27405982091159,0.9971552522171777
34,6330.235222500708,2121.492463452949,120.2599799384143,0.9970534826896487
35,4189.039241608374,2241.752443391364,79.08726885003034,0.9968864549397343
36,3393.356477829736,2320.839712241394,63.91868021022901,0.9967766115107758
37,2520.161954502145,2384.758392451621,47.35261408559836,0.9966878355660395
38,3492.232462180193,2432.11100653722,65.79980174358525,0.9966220680464761
39,5827.849390344985,2497.910808280807,110.5526974178329,0.9965306794329433
40,5961.954119866278,2608.463505698641,113.1410696453399,0.9963771340198631
41,2675.692290115306,2721.60457534398,50.29721584873869,0.9962199936453555
42,3701.007736116543,2771.901791192721,69.77530754592499,0.9961501364011213
43,3313.955302371427,2841.677098738645,62.40884731638653,0.996053226251752
44,4067.697304355835,2904.085946055033,76.7695105667367,0.9959665472971458
45,333.537996401622,2980.85545662177,6.228514020463535,0.9958599229769143
46,3941.876573121065,2987.083970642233,74.36793452624397,0.995851272262997
47,347.9871420165433,3061.451905168477,6.498600681026801,0.9957479834650438
48,309.7315818280029,3067.950505849502,5.783566772105587,0.9957389576307645
49,2568.036276879538,3073.734072621609,48.25872222094631,0.9957309248991367
50,3520.716942078464,3121.992794842553,66.34192062568854,0.995663898896052
51,10271.03694476855,3188.33471546824,197.442247649707,0.9955717573396274
52,7759.052476842164,3385.776963117945,148.0289757096912,0.9952975319956694
53,6335.902651153179,3533.805938827635,120.3696544951381,0.9950919361960726
54,9858.229878140633,3654.175593322774,189.2688717272358,0.9949247561203851
55,10325.75609298885,3843.44446505001,198.5272508910389,0.9946618826874305
56,8406.284471561194,4041.971715941048,160.6874657608655,0.9943861503945263
57,8501.180729627773,4202.659181701914,162.5476617215859,0.9941629733587473
58,8337.804187234629,4365.206843423497,159.3457604128157,0.9939372127174673
59,3362.444320717161,4524.552603836313,63.33079548452952,0.9937158991613385
60,6490.037108165573,4587.883399320839,123.3538524530918,0.9936279397231654
61,3942.763320636045,4711.237251773931,74.38485396704527,0.9934566149280918
62,4801.388991940496,4785.62210574098,90.80893840090494,0.9933533026309154
63,6096.675492679642,4876.431044141886,115.7434295629782,0.9932271791053585
64,5183.889222172303,4992.174473704867,98.15224107455151,0.9930664243420766
65,-72.26298122950999,5090.326714779416,-1.347918771443801,0.9929301017850286
66,3956.339294946138,5088.978796007972,74.64389903452911,0.9929319738944334
67,260.0688282423012,5163.622695042499,4.85554923711652,0.992828301812441
68,184.6948790494546,5168.478244279617,3.447573977240154,0.992821557994056
69,-2953.258769293658,5171.925818256854,-54.65230914431368,0.9928167696968656
70,-2704.451205863404,5117.273509112541,-50.08182265264395,0.9928926756817882
71,3022.77493890355,5067.191686459895,56.87790499091034,0.9929622337688057
72,-883.7564146407285,5124.069591450801,-16.44761608287763,0.9928832366785405
73,-1875.906296225523,5107.621975367923,-34.81731959469107,0.9929060805897668
74,4187.309529101607,5072.804655773229,79.05421798796851,0.9929544379780928
75,316.2471781962329,5151.858873761197,5.905338850966473,0.9928446404531095
76,4656.934237420548,5157.764212612168,88.03997260505457,0.9928364385935942
77,-2427.369611060818,5245.804185217225,-44.98471298216646,0.992714160853865
78,-1652.787681007807,5200.819472235056,-30.6949670335498,0.9927766396218958
79,-508.9994442510091,5170.124505201506,-9.482836766899709,0.9928192715205535
80,-3049.739186443122,5160.641668434604,-56.42296233239222,0.9928324421271741
81,-1217.680322991292,5104.218706102214,-22.64140405912576,0.9929108073526358
82,-1014.480641837874,5081.577302043092,-18.87371093511547,0.9929422537471624
83,2260.953435656287,5062.703591107978,42.45093452221545,0.9929684672345722
84,281.4052332768012,5105.154525630191,5.254218054771172,0.9929095076032914
85,-1781.224235132323,5110.40874368496,-33.06858183388613,0.9929022100782153
86,2866.865192082717,5077.340161851074,53.92022988070585,0.9929481386640958
87,3183.732829845301,5131.260391731779,59.93413496487301,0.9928732494559281
88,2185.114348824796,5191.194526696649,41.01817678052203,0.9927900076018101
89,3203.482844833416,5232.212703477175,60.30933910256181,0.9927330379118373
90,6854.334014472118,5292.522042579734,130.4180010145747,0.9926492749408615
91,5704.127243878065,5422.940043594312,108.1665535510247,0.9924681388283412
92,103.4012164722372,5531.106597145339,1.929682945567038,0.9923179075039649
93,304.1287740533726,5533.036280090904,5.678857638918544,0.9923152273887627
94,-1293.593822020245,5538.715137729827,-24.04789944549111,0.9923073400864865
95,85.89144566452291,5514.667238284332,1.602835789647088,0.9923407399468273
96,2366.344343208124,5516.270074073977,44.44301862772545,0.9923385137860085
97,347.9623184879615,5560.713092701702,6.498136655371127,0.9922767873712476
98,3070.770752027183,5567.211229357075,57.78894115267849,0.9922677621814485
99,4060.951785265335,5625.000170509751,76.64071222821121,0.9921874997631809
100,7515.786696738567,5701.64088273796,143.2841312477217,0.9920810543295306
101,2512.921593078117,5844.925013985679,47.21559879164442,0.9918820485916865
102,3105.057856933453,5892.140612777324,58.43991884041134,0.9918164713711426
103,-990.10756600323,5950.580531617738,-18.42150654433453,0.9917353048171976
104,-1406.040932399867,5932.159025073401,-26.13019840023117,0.9917608902429537
105,2612.374355012789,5906.028826673168,49.09812238785253,0.9917971821851762
106,349.7490018945651,5955.126949061018,6.531535252174763,0.9917289903485264
107,293.457320709894,5961.658484313197,5.479431232144179,0.9917199187717872
108,2362.562819433748,5967.13791554534,44.37152003272149,0.9917123084506314
109,2916.978203053503,6011.509435578058,54.87060578521277,0.991650681339475
110,3304.274083834527,6066.380041363267,62.22480398664038,0.9915744721647732
111,294.0540342788853,6128.604845349904,5.490582205644387,0.9914880488259029
112,-1612.678594987651,6134.095427555552,-29.95337606503927,0.991480423017284
113,2253.162664155865,6104.142051490511,42.30372207777873,0.9915220249284854
114,2390.572374979865,6146.445773568288,44.90114321409192,0.991463269758933
115,2179.435489312541,6191.346916782381,40.91091630401525,0.9914009070600244
116,-128.3737631249728,6232.2578330864,-2.394177359014066,0.9913440863429356
117,306.7159242993852,6229.863655727389,5.727207678390187,0.9913474115892675
118,-25.52996516223351,6235.590863405781,-0.4762714642943138,0.9913394571341587
119,349.9936512660764,6235.114591941487,6.536108525809141,0.9913401186223035
120,2953.654551029414,6241.650700467293,55.5663337803685,0.9913310406937954
121,2632.89653202664,6297.217034247664,49.48671666107793,0.9912538652302115
122,4057.6431132656,6346.70375090874,76.57753859331524,0.9911851336792934
123,4373.58946896813,6423.28128950206,82.61552363683631,0.9910787759868027
124,4720.497422115499,6505.896813138892,89.25808714710411,0.9909640322039738
125,2893.629707651124,6595.154900285992,54.42777555344583,0.9908400626384917
126,2306.317671267113,6649.582675839441,43.30825581040699,0.9907644685057786
127,2103.433748168427,6692.890931649848,39.47575428317577,0.9907043181504863
128,2958.654719430786,6732.366685933024,55.66119531230515,0.990649490713982
129,2618.875594743745,6788.027881245329,49.22122058187142,0.9905721834982704
130,2965.348219705014,6837.249101827205,55.78818644931789,0.9905038206919067
131,4326.589161313714,6893.037288276522,81.71660426520157,0.990426337099616
132,4630.006837156005,6974.753892541725,87.52407742899959,0.9903128418159143
133,3182.817833878848,7062.277969970723,59.91675321654748,0.9901912805972629
134,2177.483711365691,7122.194723187271,40.8740525511439,0.9901080628844622
135,2901.191732756111,7163.068775738415,54.57119127032456,0.99005129336703
136,2545.863539566061,7217.639967008739,47.83903215572445,0.9899755000458212
137,2776.230630357124,7265.478999164465,52.20207241174967,0.9899090569456049
138,2896.875147956365,7317.681071576211,54.48932538438703,0.9898365540672552
139,2938.21876275685,7372.170396960595,55.27350836895812,0.9897608744486659
140,2897.291690335337,7427.44390532955,54.49722520097339,0.9896841056870422
141,2250.305574837102,7481.941130530526,42.24973688378896,0.9896084150964853
142,345.3978181153955,7524.190867414312,6.450198855178314,0.989549734906369
143,-900.6683301893024,7530.641066269494,-16.76158069942085,0.9895407762968479
144,-807.8056555566625,7513.879485570073,-15.0372519401003,0.9895640562700415
145,-690.4587272525532,7498.84223362997,-12.85702058630068,0.9895849413421806
146,-86.68321166757238,7485.985213043672,-1.616833926343588,0.9896027983152171
147,-99.09839391320776,7484.368379117326,-1.848340727717186,0.9896050439178926
148,134.3687866875343,7482.520038389606,2.507819028689937,0.9896076110577923
149,3251.794452186945,7485.027857418294,61.22732718166844,0.9896041279758079
150,318.9567071435939,7546.255184599962,5.955979415484762,0.9895190900213888
151,2626.899737464581,7552.211164015447,49.3731606228298,0.9895108178277563
152,3364.634111214258,7601.584324638274,63.37243726974475,0.989442243993558
153,325.0779789160734,7664.956761908019,6.070387607494922,0.9893542267195722
154,-514.564170374955,7671.027149515516,-9.586361636930633,0.9893457956256729
155,336.9445205702331,7661.440787878586,6.292187566515167,0.9893591100168353
156,269.0332631998983,7667.7329754451,5.023043113747462,0.9893503708674374
157,4586.514941018994,7672.756018558852,86.69099955694901,0.9893433944186683
158,2977.515804821406,7759.447018115801,56.01904613925763,0.989222990252617
159,347.3821274293261,7815.466064255055,6.487291175441896,0.989145186021868
160,4119.92,7821.9533554305,77.76681759994381,0.9891361758952354
161,4119.92,7899.72017303044,77.76681759994381,0.9890281664263467
162,4119.92,7977.486990630381,77.76681759994381,0.9889201569574578
163,338.0346690096361,8055.253808230322,6.312564492040565,0.988812147488569
164,4119.92,8061.566372722358,77.76681759994381,0.9888033800378856
165,4119.92,8139.333190322299,77.76681759994381,0.9886953705689968
166,4119.919999999999,8217.100007922243,77.76681759994381,0.9885873611001079
167,4353.441692962854,8294.866825522193,82.23015064101492,0.9884793516312192
168,335.6828948539943,8377.0969761632,6.268605563052915,0.9883651430886622
169,4119.92,8383.365581726255,77.76681759994381,0.9883564366920468
170,349.5301355465223,8461.132399326205,6.527443950424185,0.9882484272231581
171,3645.8796776899,8467.659843276622,68.72508919341499,0.9882393613287825
172,4060.679916546498,8536.384932470035,76.63552129743903,0.9881439098160139
173,4119.92,8613.020453767465,77.76681759994381,0.9880374715919896
174,4119.919999999999,8690.787271367415,77.76681759994381,0.9879294621231008
175,3777.398966155528,8768.554088967365,71.23115648105522,0.987821452654212
176,346.5399761604085,8839.785245448427,6.47154895012909,0.9877225204924327
177,4119.92,8846.256794398549,77.76681759994381,0.987713532230002
178,4119.92,8924.023611998498,77.76681759994381,0.9876055227611131
