time,Pbatt,q,der(q),Soc
0,0,0,0,1
1,8967.728286315656,0,171.7089553959122,1
2,6115.623597143458,171.7089553959122,116.1096106458604,0.9997615153397278
3,5124.427860425688,287.8185660417726,97.00960384959171,0.9996002519916086
4,3702.356360766169,384.8281698913642,69.80100376452356,0.9994655164307065
5,3814.375430273969,454.6291736558877,71.93607883925552,0.9993685705921446
6,3620.275726581916,526.5652524951432,68.2374348260264,0.9992686593715345
7,3722.431969580905,594.8026873211692,70.18354114100066,0.9991738851564983
8,4580.000644889486,664.9862284621694,86.56623793452582,0.9990764080160247
9,3660.520969280574,751.5524663966952,69.00398067295282,0.9989561771300046
10,4617.065887184386,820.5564470696485,87.27617409901632,0.9988603382679588
11,4890.438387133786,907.832621168665,92.51704507786008,0.9987391213594879
12,4666.55378025179,1000.349666246525,88.22429074767206,0.9986106254635464
13,5216.137931460819,1088.573956994197,98.77211525131634,0.998488091726397
14,5111.536621852671,1187.346072245512,96.76193274017896,0.9983509082329923
15,8750.893850339664,1284.10800498569,167.4478372369854,0.9982165166597421
16,8657.383770755234,1451.555842222675,165.6119852229699,0.9979839502191352
17,7866.847187948966,1617.167827445645,150.1337369342482,0.9977539335729921
18,7670.893991770489,1767.301564379894,146.3086523466891,0.9975454144939168
19,7445.012600840961,1913.610216726582,141.905016229276,0.9973422080323242
20,8013.317353367776,2055.515232955857,152.995881949942,0.9971451177320059
21,6833.944789553098,2208.511114905799,130.0222203707895,0.9969326234515197
22,5305.370651261249,2338.533335276587,100.4879337672337,0.9967520370343381
23,3615.561276010037,2439.021269043822,68.14765102103593,0.9966124704596614
24,5564.525654718319,2507.168920064858,105.476260965223,0.9965178209443545
25,8346.107170880547,2612.645181030083,159.5084072137201,0.9963713261374583
26,4559.557586792053,2772.153588243803,86.17474400803849,0.9961497866829948
27,6317.121962041579,2858.328332251843,120.0062299216729,0.996030099538539
28,6167.625011158918,2978.334562173517,117.1147756833161,0.9958634242192035
29,6234.783560554522,3095.449337856834,118.4133842753517,0.9957007648085322
30,6558.068946356435,3213.862722132184,124.6718954956773,0.9955363017748163
31,8048.293331130614,3338.534617627859,153.6797198014287,0.9953631463644057
32,5257.615081867931,3492.21433742929,99.56954931096743,0.995149702309126
33,6419.422915639485,3591.783886740257,121.9863483025565,0.9950114112684164
34,4515.772501685858,3713.770235042815,85.33639753047964,0.9948419857846628
35,3984.884253464297,3799.106632573296,75.18863622391791,0.9947234630103149
36,3702.758626315539,3874.295268797217,69.80866842945306,0.9946190343488928
37,3210.535088607915,3944.103937226671,60.44332562516684,0.9945220778649629
38,3373.316368043554,4004.547262851836,63.53754714973866,0.9944381288015947
39,3638.228076607042,4068.084810001576,68.57934875393948,0.9943498822083312
40,3887.255520984358,4136.664158755514,73.32591491357562,0.9942546331128395
41,4119.985274261089,4209.99007366909,77.76806434547416,0.9941527915643484
42,3263.288388421953,4287.758138014563,61.44576577377165,0.9940447803638687
43,326.6050431981674,4349.203903788332,6.09892945376896,0.9939594390225162
44,7756.001778219215,4355.302833242097,147.9694289837585,0.9939509682871638
45,6880.375744940024,4503.272262225858,130.9235747061712,0.9937454551913529
46,3821.829498918708,4634.195836932033,72.07820217822155,0.99356361689315
47,6133.690902746484,4706.274039110251,116.4588084954462,0.9934635082790135
48,5847.016771091665,4822.732847605695,110.9225227522666,0.9933017599338809
49,6690.825473210301,4933.655370357958,127.2454614338512,0.9931477008745029
50,8090.52692006188,5060.900831791807,154.5056509215565,0.9929709710669559
51,5503.435387712503,5215.406482713362,104.2996785692094,0.9927563798851202
52,3024.933323729261,5319.706161282567,56.91886912365271,0.9926115192204408
53,3368.314062038313,5376.625030406223,63.44241762825504,0.9925324652355469
54,7084.694889325214,5440.067448034481,134.8929817447215,0.9924443507666187
55,4099.142728987121,5574.960429779205,77.36999358671619,0.9922569994030843
56,5445.323947357831,5652.330423365922,103.1808632786042,0.9921495410786584
57,4481.576197054281,5755.511286644525,84.68179569460426,0.9920062343241048
58,3438.118066992811,5840.19308233913,64.77013869259054,0.9918886207189734
59,4165.461942067308,5904.963221031723,78.63678915935952,0.9917986621930115
60,5354.00277746591,5983.600010191087,101.4234420570042,0.9916894444302902
61,5282.6511520994,6085.02345224809,100.0509840941236,0.9915485785385444
62,-1826.927935523147,6185.074436342213,-33.91282274534888,0.9914096188384136
63,-491.8764149210238,6151.161613596862,-9.164263900342121,0.9914567199811155
64,-3526.367462263289,6141.997349696523,-65.15679475817205,0.9914694481254216
65,-4409.121213183602,6076.840554938355,-81.27383804440024,0.9915599436736968
66,-6048.72250445767,5995.566716893956,-111.0100134292024,0.991672824004314
67,-121.7190851305336,5884.556703464752,-2.270109290317123,0.9918270045785212
68,-3276.263025605842,5882.286594174431,-60.57661960565383,0.991830157508091
69,114.8635398088222,5821.709974568777,2.143662352893443,0.9919142917019877
70,-902.0258307051713,5823.853636921669,-16.78678101808919,0.9919113143931644
71,322.7959735239538,5807.066855903578,6.027735864200622,0.9919346293668005
72,-1250.851896455492,5813.094591767778,-23.25606603722508,0.9919262575114337
73,-4064.240544112504,5789.838525730549,-74.98614128788313,0.991958557603152
74,-912.5394107729176,5714.852384442667,-16.98194624601683,0.9920627050216073
75,-708.8787916939152,5697.870438196653,-13.19934719334469,0.9920862910580601
76,-1776.063253946799,5684.671091003303,-32.97323470691208,0.9921046234847176
77,-370.5374059616336,5651.697856296389,-6.905893191705673,0.9921504196440327
78,-616.9978438095721,5644.791963104683,-11.49144435564449,0.9921600111623546
79,2978.76877830294,5633.30051874904,56.04282014593673,0.9921759715017374
80,2543.203568022312,5689.34333889498,47.78868725861048,0.9920981342515347
81,2985.789375902077,5737.132026153588,56.17603263133651,0.9920317610747866
82,3040.798389832177,5793.308058784925,57.21998893473346,0.9919537388072431
83,3568.454240312247,5850.528047719656,67.25066141793741,0.9918742666003895
84,2627.246060484137,5917.778709137594,49.37971853176032,0.9917808629039756
85,4713.864254369892,5967.158427669357,89.13094893343441,0.9917122799615704
86,4920.678304433104,6056.289376602792,93.09729774654443,0.9915884869769407
87,3383.908938548621,6149.386674349336,63.73899656746335,0.9914591851745148
88,2162.243425352755,6213.125670916799,40.58621930848494,0.9913706587903934
89,-1453.056513981825,6253.711890225288,-27.00045369374038,0.9913142890413538
90,-812.984878319523,6226.711436531543,-15.13344605974589,0.9913517896714841
91,-884.8604072893888,6211.577990471798,-16.46811226709406,0.9913728083465668
92,3017.628907652825,6195.109878204705,56.78024016868903,0.9913956807247156
93,2235.360080956671,6251.890118373396,41.96735356489899,0.9913168192800369
94,6105.423433122422,6293.857471938292,115.9124824983946,0.9912585312889747
95,8430.693191945433,6409.76995443669,161.1658319995972,0.991097541729949
96,8167.567916619556,6570.935786436286,156.0128349627707,0.9908737002966163
97,5239.496559820291,6726.948621399053,99.22118100562511,0.9906570158036125
98,6043.783509750831,6826.169802404676,114.7214862888318,0.9905192086077712
99,4920.479087041575,6940.891288693512,93.09347476477251,0.9903598732101478
100,2555.928642051944,7033.984763458286,48.02953984389706,0.9902305767174191
101,203.4307206815787,7082.014303302187,3.797501657318662,0.9901638690231914
102,-2188.482602473483,7085.811804959505,-40.5840684621262,0.990158594715334
103,-3338.997585969601,7045.227736497383,-61.72605849974434,0.9902149614770869
104,-1409.424221542946,6983.501677997639,-26.19283034794489,0.9903006921138922
105,-1324.649182488502,6957.308847649694,-24.62311196540304,0.990337071044931
106,2504.810964011624,6932.685735684292,47.06212145935933,0.9903712698115497
107,2977.099293668,6979.74785714365,56.01114326543302,0.9903059057539672
108,3294.98417116563,7035.759000409082,62.0482092031375,0.9902281124994319
109,4534.68005331493,7097.807209612221,85.69839118140999,0.9901419344310941
110,3813.803027329086,7183.505600793635,71.9251653472179,0.9900229088877867
111,3108.730167675206,7255.430766140855,58.50964925603967,0.9899230128248044
112,6550.366344051494,7313.940415396894,124.5226388961332,0.9898417494230598
113,5822.510186306597,7438.463054293026,110.4496875782784,0.9896688013134819
114,2708.505900055458,7548.912741871301,50.91880025770388,0.9895153989696232
115,2861.414794451701,7599.831542129006,53.81688149861156,0.9894446784137096
116,-651.1041731926175,7653.648423627621,-12.12552139997842,0.9893699327449617
117,-809.9299506839748,7641.522902227645,-15.07670697645426,0.9893867737469061
118,-885.5637090953976,7626.446195251194,-16.48116935724511,0.9894077136177066
119,225.304239131834,7609.965025893945,4.206077758446099,0.9894306041307028
120,328.9356338744298,7614.17110365239,6.142490211986114,0.9894247623560384
121,349.7481696106041,7620.313593864377,6.531519694155122,0.9894162311196328
122,2484.951720747963,7626.845113558531,46.6863553536873,0.989407159564502
123,4652.888172240777,7673.531468912217,87.96244986819602,0.9893423174042886
124,2957.000547428202,7761.493918780408,55.62981260886909,0.9892201473350273
125,6575.596319656532,7817.123731389276,125.0115566031973,0.9891428837064038
126,4764.23918214845,7942.135287992471,90.09661151876435,0.988969256544455
127,2960.315185496433,8032.231899511236,55.69269772643338,0.98884412236179
128,4360.443307340291,8087.924597237672,82.36406761976241,0.9887667713927254
129,4624.6189053334,8170.288664857437,87.42086121526791,0.9886523768543647
130,4880.471688670063,8257.709526072706,92.32582370240061,0.9885309589915656
131,3224.208705674219,8350.0353497751,60.70312805445883,0.9884027286808679
132,192.5078888124623,8410.738477829565,3.593492431255527,0.9883184187807922
133,78.57766626869505,8414.33197026083,1.466322146899074,0.9883134278190822
134,70.88898051739045,8415.798292407728,1.32281677744777,0.9883113912605448
135,2622.725034344247,8417.121109185175,49.29411023839157,0.9883095540150206
136,2884.344033532926,8466.415219423563,54.251678934148,0.9882410899730227
137,-1142.710057207,8520.666898357706,-21.25180862404204,0.9881657404189477
138,-187.0473652430125,8499.415089733668,-3.487873938920075,0.9881952568198143
139,-1322.836014486257,8495.927215794747,-24.58953086309157,0.9882001010891739
140,-100.9460927117048,8471.337684931661,-1.882793533950917,0.9882342532153726
141,349.8819242981728,8469.454891397711,6.534019993215225,0.988236868206392
142,330.1509988472477,8475.988911390925,6.1652066610568,0.9882277931786237
143,3080.711224631388,8482.154118051987,57.97765850213636,0.9882192303915944
144,2230.880144717898,8540.131776554119,41.88271339871289,0.988138705865897
145,2949.347036256593,8582.014489952837,55.48461523277683,0.9880805354306211
146,-44.67852157653567,8637.499105185618,-0.8334508293705767,0.9880034734650199
147,337.2776350872454,8636.66565435624,6.298414090441838,0.9880046310356163
148,2290.417678695876,8642.964068446674,43.00774265148675,0.9879958832382685
149,-37.23959571357108,8685.971811098154,-0.6946965464035202,0.9879361502623637
150,167.7285647762263,8685.277114551756,3.130727171589569,0.9879371151186781
151,5.15608068480276,8688.407841723349,0.09619691633542971,0.9879327668864955
152,162.9128875235401,8688.504038639678,3.0407996123472,0.9879326332796671
153,4709.513429194709,8691.544838252032,89.04755917068587,0.9879284099468723
154,346.9415928128237,8780.592397422717,6.479056309292901,0.9878047327813573
155,5113.544000483358,8787.071453732007,96.80049798055279,0.9877957340920389
156,2500.723959003053,8883.871951712556,46.98478581696236,0.9876612889559548
157,347.9911025927202,8930.856737529522,6.498674715993275,0.9875960323089867
158,4313.089203383342,8937.355412245508,81.45845221801073,0.9875870063718812
159,4606.780852745377,9018.81386446352,87.07916225250301,0.9874738696326896
160,3075.048000970701,9105.893026716023,57.87014231232661,0.9873529263517832
161,4193.631171488436,9163.763169028354,79.17501178006387,0.9872725511541273
162,344.3830193763495,9242.938180808416,6.431229572516258,0.9871625858599883
163,4397.187961395618,9249.369410380934,83.06695740094074,0.9871536535966932
164,348.0461188527234,9332.436367781867,6.499703133943058,0.9870382828225253
165,4119.919999999999,9338.936070915808,77.76681759994381,0.9870292554570614
166,4119.919999999999,9416.702888515758,77.76681759994381,0.9869212459881725
167,329.3656689321085,9494.469706115708,6.150528001673592,0.9868132365192838
168,346.165500515136,9500.620234117379,6.464548948881202,0.9868046941192814
169,3619.482677817155,9507.084783066259,68.22233152931949,0.9867957155790746
170,4119.92,9575.307114595582,77.76681759994381,0.9867009623408395
171,4556.956054879201,9653.073932195532,86.12492684844028,0.9865929528719506
172,4119.92,9739.198859043974,77.76681759994381,0.9864733349179945
173,9137.168944450283,9816.965676643924,175.0426960439745,0.9863653254491057
174,349.9786246618012,9992.008372687891,6.535827630677886,0.9861222105934891
175,348.8226657954755,9998.544200318578,6.514219145598872,0.9861131330551131
176,4119.92,10005.05841946417,77.76681759994381,0.986104085528522
177,4119.92,10082.82523706412,77.76681759994381,0.9859960760596331
178,4119.92,10160.59205466407,77.76681759994381,0.9858880665907443
