time,Pbatt,q,der(q),Soc
0,0,0,0,1
1,350,0,6.536227203889666,1
2,350,6.536227203889666,6.536227203889666,0.9999909219066613
3,350,13.07245440777933,6.536227203889666,0.9999818438133224
4,350,19.608681611669,6.536227203889666,0.9999727657199837
5,350,26.14490881555867,6.536227203889666,0.9999636876266451
6,350,32.68113601944833,6.536227203889666,0.9999546095333064
7,350,39.217363223338,6.536227203889666,0.9999455314399676
8,350,45.75359042722766,6.536227203889666,0.9999364533466288
9,350,52.28981763111733,6.536227203889666,0.9999273752532901
10,350,58.826044835007,6.536227203889666,0.9999182971599514
11,350,65.36227203889666,6.536227203889666,0.9999092190666126
12,350,71.89849924278633,6.536227203889666,0.999900140973274
13,350,78.434726446676,6.536227203889666,0.9998910628799352
14,350,84.97095365056566,6.536227203889666,0.9998819847865965
15,350,91.50718085445533,6.536227203889666,0.9998729066932577
16,350,98.04340805834499,6.536227203889666,0.999863828599919
17,350,104.5796352622347,6.536227203889666,0.9998547505065802
18,3657.474095636937,111.1158624661243,68.94594100533232,0.9998456724132414
19,4239.302105124476,180.0618034714566,80.04782345988406,0.9997499141618452
20,7255.835174438986,260.1096269313408,138.2215824881182,0.9996387366292619
21,3816.660089370846,398.3312094194591,71.97963874099105,0.9994467622091397
22,4910.475796030692,470.3108481604502,92.90151737836368,0.999346790488666
23,3766.541453080221,563.2123655388139,71.02419673993745,0.9992177606034183
24,4584.329940738591,634.2365622787511,86.64915195934282,0.999119115885724
25,3663.229146284626,720.8857142380944,69.05556939554026,0.9989987698413361
26,4582.736992702988,789.9412836336344,86.61864381250643,0.9989028593282867
27,4173.16486926416,876.559927446141,78.78395832039541,0.9987825556563248
28,5404.520570690137,955.3438857665369,102.3955092000915,0.9986731334919908
29,5047.264992162301,1057.739394966628,95.52740432805103,0.9985309175069907
30,8289.868994432449,1153.26679929468,158.40692197518,0.9983982405565353
31,6641.665202123943,1311.673721269859,126.2922201703041,0.9981782309426808
32,4067.069057711669,1437.965941440163,76.75751466744532,0.9980028250813331
33,4799.148238420099,1514.723456107607,90.76596878998453,0.9978962174220727
34,5860.614716066656,1605.489424897593,111.1849141249718,0.9977701535765311
35,5463.509975307179,1716.674339022565,103.5309560868131,0.9976157300846908
36,5617.014330264961,1820.205295109378,106.4875198765026,0.9974719370901258
37,6105.671103223233,1926.69281498588,115.9172688230292,0.9973240377569641
38,6055.602938478248,2042.61008380891,114.9498253210631,0.9971630415502655
39,5645.655144297958,2157.559909129974,107.0394533755493,0.9970033890150972
40,3863.024899579742,2264.599362505525,72.86376731870814,0.9968547231076312
41,2899.970050818937,2337.463129824233,54.54802134098236,0.9967535234307996
42,3927.2311255598,2392.011151165217,74.08850710141678,0.9966777622900482
43,3512.84317355413,2466.099658266632,66.19205748787226,0.9965748615857408
44,3316.91298955446,2532.291715754506,62.46507603254622,0.9964829281725631
45,4515.25135947082,2594.756791787051,85.3264205948326,0.9963961711225179
46,5337.242640300818,2680.083212381885,101.1010065004489,0.9962776622050251
47,3997.88384274059,2781.184218882333,75.43674367749827,0.9961372441404411
48,2810.67169775486,2856.620962559829,52.85486552674729,0.9960324708853335
49,3943.665561712765,2909.475828086576,74.40206911991345,0.9959590613498797
50,2776.744132395198,2983.877897206491,52.21180433754944,0.9958557251427688
51,2949.712938891258,3036.08970154404,55.4915567510543,0.9957832087478555
52,-72.28959061904726,3091.581258295093,-1.348415015570936,0.9957061371412568
53,2742.994595030021,3090.23284327952,51.57224186715803,0.9957080099398896
54,3706.668411716428,3141.805085146677,69.88316541385302,0.9956363818261852
55,3403.31592935103,3211.68825056053,64.10811059902335,0.9955393218742215
56,5155.447450703194,3275.796361159552,97.60564066069901,0.9954502828317229
57,4978.902020137579,3373.402001820252,94.21480323366495,0.9953147194419163
58,4001.443139625545,3467.616805053915,75.50467895481552,0.9951838655485362
59,4996.630249567177,3543.121484008731,94.55514271795664,0.9950789979388768
60,5029.993148996169,3637.676626726686,95.19572687151003,0.9949476713517685
61,4617.411964975493,3732.872353598197,87.28280349367969,0.9948154550644469
62,5149.124211463371,3820.155157091878,97.48413169634523,0.9946942289484835
63,4874.345870023203,3917.639288788225,92.20829913158832,0.9945588343211275
64,6209.217747017781,4009.847587919814,117.9189704429164,0.9944307672390003
65,10473.64449827986,4127.766558362729,201.4615394257899,0.9942669908911629
66,10242.16718341402,4329.22809778852,196.8699516078873,0.9939871831975159
67,4234.406276726882,4526.098049396407,79.9542487284466,0.9937137527091716
68,5113.169206977507,4606.052298124852,96.79329750969964,0.9936027051414932
69,3170.737791599402,4702.845595634555,59.68728293949653,0.9934682700060631
70,4043.839028957428,4762.532878574049,76.31398552330302,0.9933853710019804
71,3168.106990161124,4838.846864097351,59.63731083792845,0.9932793793554203
72,2879.923168670507,4898.484174935276,54.16784348532292,0.9931965497570343
73,279.1132568680067,4952.652018420597,5.211390402751022,0.9931213166410825
74,4670.581450661512,4957.863408823343,88.30146723102098,0.9931140785988564
75,4630.76144235726,5046.164876054365,87.53853360605308,0.9929914376721467
76,3597.559076580951,5133.703409660422,67.8048328249306,0.9928698563754716
77,244.2303201985379,5201.508242485354,4.559638855419053,0.9927756829965482
78,-1424.845696628314,5206.06788134077,-26.47830025287431,0.9927693501648045
79,3569.713296744264,5179.589581087896,67.27463257936142,0.9928061255818224
80,3090.19723161393,5246.864213667261,58.15775802541566,0.9927126885921288
81,25.06521245246859,5305.021971692679,0.4676672043542567,0.9926319139282046
82,344.9084588228342,5305.489638897036,6.441051417345534,0.9926312643904208
83,-1112.466081373336,5311.930690314377,-20.69106566764231,0.9926223184856745
84,3084.762381334102,5291.239624646734,58.05457178688357,0.9926510560768795
85,335.5925216589415,5349.294196433622,6.266916335481255,0.9925704247271755
86,287.5674574064806,5355.561112769103,5.369367504957154,0.9925617206767097
87,-2897.948102518257,5360.930480274057,-53.63680683100847,0.9925542632218416
88,-2660.94199339942,5307.293673443048,-49.28194611375648,0.9926287587868847
89,302.1371085182857,5258.011727329287,5.641636810550608,0.9926972059342648
90,3299.192521833734,5263.653364139838,62.12820584944575,0.9926893703275835
91,-1170.603619030505,5325.781569989287,-21.76889071282767,0.9926030811527926
92,-1714.000571520906,5304.012679276459,-31.82644017106713,0.9926333157232272
93,-855.7090237083044,5272.186239105387,-15.92686016252264,0.9926775191123536
94,-1077.433049479991,5256.259378942861,-20.04141386793617,0.9926996397514682
95,322.4312857818007,5236.217965074922,6.020919730915011,0.992727475048507
96,-384.1777805189879,5242.23888480584,-7.159844655132474,0.9927191126599919
97,4736.536669568664,5235.079040150706,89.56553258558552,0.9927290568886795
98,2900.396000430053,5324.64457273629,54.55609971186959,0.992604660315644
99,4495.80628682205,5379.200672448162,84.95417885946927,0.9925288879549331
100,5144.05371906513,5464.154851307632,97.38669911148827,0.9924108960398506
101,4300.428239111472,5561.541550419117,81.21636229757996,0.9922756367355291
102,6084.744043577386,5642.757912716699,115.5128699355091,0.9921628362323379
103,4151.115837317191,5758.270782652209,78.36271565209245,0.9920024016907608
104,3745.673767720651,5836.633498304302,70.62646546098404,0.9918935645856884
105,-1484.606358395088,5907.259963765284,-27.5843134997217,0.9917954722725483
106,-3873.33701081891,5879.675650265564,-71.50071260439245,0.9918337838190756
107,-1692.845970254072,5808.174937661171,-31.43545647137262,0.9919330903643595
108,-1418.433393806618,5776.739481189799,-26.35960380789811,0.9919767507205698
109,3015.507002518715,5750.379877381903,56.73997007749767,0.9920133612814139
110,7586.560984816581,5807.1198474594,144.6638433858566,0.9919345557674175
111,3229.956836681958,5951.783690845261,60.81235022768033,0.991733633762715
112,3110.239136058717,6012.59604107294,58.53830221394492,0.9916491721651765
113,2424.419074119929,6071.134343286887,45.54125222677203,0.9915678689676571
114,3155.462763979151,6116.675595513663,59.39714421466442,0.9915046172284533
115,3820.229713788716,6176.072739728326,72.04769928291807,0.9914221211948216
116,2874.856914554334,6248.120439011247,54.07177176433197,0.9913220549458177
117,3183.122083052517,6302.192210775576,59.92253288491156,0.9912469552628117
118,4401.310040698092,6362.114743660488,83.14581823541766,0.9911637295226938
119,3000.437400014791,6445.260561895904,56.45398923923449,0.991048249219589
120,337.2422164077901,6501.714551135139,6.297752049530118,0.9909698409012013
121,-1761.702310411608,6508.012303184671,-32.70790769783298,0.9909610940233545
122,-2582.583205923304,6475.304395486839,-47.8409175151819,0.9910065216729349
123,-1303.88311778511,6427.463477971653,-24.23849034462,0.9910729673917061
124,-217.4127477618561,6403.224987627029,-4.05375530420406,0.9911066319616292
125,-225.2027924116461,6399.171232322826,-4.198913161152177,0.9911122621773294
126,2519.73042980105,6394.972319161672,47.34444783067511,0.9911180940011644
127,3445.999047289267,6442.316766992346,64.92007417036484,0.9910523378236218
128,3280.041146261808,6507.236841162714,61.76417258170568,0.9909621710539407
129,2614.944436807481,6569.001013744421,49.14678523884322,0.9908763874809106
130,3076.372515344865,6618.147798983266,57.89528787708605,0.9908081280569677
131,5203.166473914572,6676.043086860356,98.52276791599252,0.9907277179349162
132,3017.187030681451,6774.565854776349,56.77185406707349,0.9905908807572551
133,2607.538741293518,6831.337708843423,49.00656508706288,0.9905120309599397
134,2458.943025072347,6880.344273930488,46.19429719816071,0.9904439662862076
135,3546.76175603537,6926.538571128651,66.83768593516243,0.9903798075400991
136,3242.711629486237,6993.376257063812,61.05472129525697,0.9902869774207447
137,3015.329809659788,7054.430978359071,56.73660728563573,0.9902021791967235
138,2265.083804471407,7111.167585644709,42.52898358261109,0.9901233783532711
139,-280.3618971393041,7153.696569227324,-5.226555263059254,0.9900643103205176
140,-153.4973790178881,7148.470013964263,-2.862534071034133,0.9900715694250497
141,2765.508703711256,7145.607479893226,51.9988762833791,0.990075545166815
142,335.5290254299842,7197.606356176604,6.265729484286112,0.9900033245053104
143,2451.350602797872,7203.872085660889,46.0506700843207,0.9899946221032487
144,3645.412283906829,7249.922755745212,68.71618653435507,0.9899306628392427
145,2891.575947664724,7318.638942279569,54.38882655403222,0.9898352236912783
146,3445.174745997192,7373.027768833601,64.90439153586431,0.9897596836543978
147,2857.94791322652,7437.932160369466,53.75114549179034,0.9896695386661535
148,2191.323747942946,7491.683305861254,41.13546189827639,0.989594884297415
149,2960.61605946548,7532.818767759529,55.69840594902189,0.9895377517114452
150,2388.195595259143,7588.517173708553,44.85619819763269,0.9894603928142937
151,2291.686232926521,7633.373371906184,43.03171758721192,0.9893980925390191
152,-978.0901386979356,7676.405089493393,-18.19851958539448,0.9893383262645925
153,-1051.641038536331,7658.206569907999,-19.56304731296586,0.989363601986239
154,-876.3900400586444,7638.643522595032,-16.31085240316588,0.9893907728852847
155,77.16860172827523,7622.332670191865,1.440022220900119,0.9894134268469558
156,3338.304503091779,7623.772692412769,62.87177963598015,0.9894114268160934
157,2435.8646045598,7686.644472048749,45.75773823558347,0.9893241048999323
158,3010.973777628268,7732.402210284328,56.65393895563011,0.9892605524857161
159,148.0789546478437,7789.056149239961,2.763807158356485,0.9891818664593889
160,258.6702488031542,7791.819956398314,4.829418564786465,0.9891780278383356
161,301.192672200239,7796.649374963101,5.623987053044857,0.9891713203125512
162,333.0943226458506,7802.273362016142,6.220221116637731,0.989163509219422
163,211.5322581064332,7808.493583132778,3.948824698478347,0.9891548700234267
164,26.66281125948512,7812.44240783126,0.497477446454468,0.9891493855446787
165,332.0872652569257,7812.939885277712,6.201397834659474,0.9891486946037809
166,331.4583534236145,7819.141283112369,6.189642664816347,0.9891400815512329
167,348.4254029101759,7825.330925777182,6.506793092555199,0.9891314848253094
168,4119.92,7831.83771886974,77.76681759994381,0.9891224476126809
169,3677.392960723854,7909.60453646968,69.32539255879283,0.9890144381437921
170,4189.731748551904,7978.929929028474,79.10050117234368,0.9889181528763493
171,3900.31152159549,8058.030430200817,73.5749573963144,0.9888082910691655
172,349.4236617199094,8131.60538759713,6.525453620887674,0.9887061036283373
173,346.4422839737524,8138.130841218019,6.46972280745149,0.9886970404983083
174,4119.92,8144.60056402547,77.76681759994381,0.9886880547721869
175,3654.212542585045,8222.367381625414,68.88381306347674,0.988580045303298
176,4119.919999999999,8291.25119468889,77.76681759994381,0.9884843733407099
177,4119.92,8369.01801228884,77.76681759994381,0.988376363871821
178,348.7990544918832,8446.784829888789,6.513777777974155,0.9882683544029321
