,0
0,0.4930089034114835
1,0.793177655679973
2,1.0676481540426843
3,1.3764177712658323
4,1.6137690637931106
5,1.7568341228064799
6,2.047037277124682
7,2.3372335071542367
8,2.50455517246937
9,2.7732964753143357
10,3.0763224556035724
11,3.51935531003576
12,4.096680328338857
13,4.802590868496297
14,5.321363843493545
15,5.597276791617023
16,5.706055631308365
17,5.746247387342514
18,5.6235733593425685
19,5.623760847215429
20,5.359659704095447
21,5.501270530620217
22,5.491454582999781
23,5.46879298900854
24,5.303265965623794
25,5.482040627293712
26,5.737951794826925
27,5.989555827745627
28,5.982603431070508
29,5.784221584839428
30,5.547277998984365
31,5.043193149104029
32,4.341978251803848
33,3.9721849461366627
34,3.6352663954188684
35,3.1867216249257613
36,2.72691796315502
37,2.4995929019611225
38,2.748534237013706
39,2.374968596574465
40,2.108885337720965
41,1.8540497240354243
42,1.7529649339074462
43,1.3506215425716732
44,1.0495369869269815
45,0.8996996043447496
46,0.8036275570046878
47,0.5563038361871109
48,0.38022445512667824
49,0.17540211544066464
50,0.0968372764235994
51,0.41576732074749145
52,0.6109456649010716
53,0.5711434027254669
54,0.4400868817061574
55,0.3302843501341064
56,0.2704633007700954
57,0.2293881335757315
58,0.28206238635868797
59,0.21346873475894057
60,0.09236252322814531
61,0.14999999819214072
62,0.4930089034114835
63,0.793177655679973
64,1.0676481540426843
65,1.3764177712658323
