,0
0,0.14646711583246308
1,0.1429289126858837
2,0.2822409162782753
3,0.40868778426652597
4,0.5065744608646456
5,0.6515917456747466
6,0.7851720136354654
7,1.0001786899897476
8,1.1051773006016767
9,1.0744760349560147
10,1.3337851984950344
11,1.5388074026365075
12,1.6409770837791595
13,1.8588556675807082
14,1.991026665710836
15,2.2531901326847397
16,2.3953594433034615
17,2.5675284105640417
18,3.1339868530838006
19,3.5547257093950986
20,4.252609518420763
21,5.16048401551415
22,6.146936051538618
23,6.703378237370175
24,7.012676714754524
25,7.346274266248522
26,7.585576565221164
27,7.884887135152725
28,8.369908206248953
29,8.969214859108488
30,9.477094738498074
31,9.603545383639897
32,9.657135846008073
33,10.005013725408425
34,10.107179789299828
35,9.940767831636421
36,9.784359533825963
37,9.590821590477553
38,9.4115576371836
39,9.096578963880415
40,9.02445197887653
41,8.856612086055929
42,8.78592298531528
43,8.80808626856774
44,8.780242874714597
45,8.480993366847482
46,8.136015213837275
47,7.786752455660183
48,7.497494249029609
49,6.8153913229150085
50,5.640413055324578
51,4.9625818266441915
52,4.400470089198118
53,3.8269342974449887
54,3.190526365965621
55,2.801259384090537
56,2.354838034739709
57,1.9827141141894615
58,1.6148638874813939
59,1.5092593221211779
60,1.1824103422385295
61,0.7430562168542574
62,0.4599515243690506
63,0.24685126738709684
64,0.14999999511331463
65,0.14646711583246308
