time,Pbatt,q,der(q),Soc
0,0,0,0,1
1,12887.76244179791,0,249.7532848537262,1
2,3761.441508908124,249.7532848537262,70.92698901252197,0.999653120437703
3,3710.397588959437,320.6802738662483,69.9542226700446,0.9995546107307413
4,4408.481836799825,390.6344965362931,83.28302872746235,0.999457452088144
5,3988.889945743902,473.9175252637554,75.26508602879267,0.9993417812149115
6,3885.839473570521,549.1826112925482,73.29890502601938,0.9992372463732048
7,3606.215907935792,622.4815163185681,67.96968150688372,0.9991354423384465
8,3039.160610261054,690.4511978254518,57.18890251545599,0.9990410400030202
9,2512.779696934409,747.6401003409082,47.2129136313979,0.9989616109717487
10,3639.499009004187,794.8530139723064,68.60355582040711,0.9988960374805941
11,2892.25609616441,863.4565697927135,54.4017253343136,0.9988007547641768
12,3372.006926961984,917.8582951270268,63.5126450677235,0.9987251968123235
13,348.3818325218548,981.3709401947508,6.50597863032408,0.9986369848052852
14,317.4124627867162,987.8769188250751,5.927117697393896,0.9986279487238541
15,348.0825691256412,993.8040365224688,6.500384498407584,0.998619716615941
16,3293.504704459941,1000.304421020876,62.02008644479292,0.9986106883041377
17,-221.8031649472538,1062.324507465669,-4.135566076363375,0.9985245492951865
18,156.3591572132826,1058.188941389306,2.918419675382665,0.9985302931369593
19,349.9130092247972,1061.107361064687,6.534601069288783,0.9985262397762991
20,3905.32188888724,1067.641962133976,73.67053489898626,0.9985171639414806
21,4119.92,1141.312497032962,77.76681759994381,0.9984148437541209
22,3507.116716385452,1219.079314632904,66.08306888681818,0.998306834285232
23,3557.803583154491,1285.162383519724,67.04789067740285,0.9982150522451115
24,4119.92,1352.210274197125,77.76681759994381,0.9981219301747262
25,3650.675690373575,1429.977091797068,68.81644239410116,0.9980139207058374
26,295.7322967525675,1498.79353419117,5.521944621862531,0.9979183423136233
27,344.2683873767126,1504.315478813033,6.429086802867005,0.997910672946093
28,348.7822695261482,1510.744565615899,6.513464015559748,0.9979017436588669
29,4119.92,1517.258029631457,77.76681759994381,0.9978926971810674
30,349.8097004925495,1595.0248472314,6.53266990113525,0.9977846877121785
31,4119.92,1601.557517132535,77.76681759994381,0.9977756145595382
32,328.706764295752,1679.324334732478,6.138212416214174,0.9976676050906493
33,347.3377167882854,1685.462547148693,6.48646101119175,0.9976590797956268
34,349.9786943840544,1691.949008159884,6.53582893400926,0.9976500708220001
35,350,1698.484837093893,6.536227203889666,0.9976409932818141
36,350,1705.021064297782,6.536227203889666,0.9976319151884754
37,350,1711.557291501672,6.536227203889666,0.9976228370951365
38,350,1718.093518705562,6.536227203889666,0.9976137590017978
39,350,1724.629745909451,6.536227203889666,0.9976046809084591
40,350,1731.165973113341,6.536227203889666,0.9975956028151203
41,350,1737.702200317231,6.536227203889666,0.9975865247217817
42,350,1744.23842752112,6.536227203889666,0.9975774466284429
43,350,1750.77465472501,6.536227203889666,0.9975683685351042
44,350,1757.3108819289,6.536227203889666,0.9975592904417654
45,350,1763.847109132789,6.536227203889666,0.9975502123484267
46,350,1770.383336336679,6.536227203889666,0.9975411342550879
47,350,1776.919563540569,6.536227203889666,0.9975320561617491
48,350,1783.455790744458,6.536227203889666,0.9975229780684104
49,350,1789.992017948348,6.536227203889666,0.9975138999750718
50,350,1796.528245152238,6.536227203889666,0.9975048218817331
51,350,1803.064472356127,6.536227203889666,0.9974957437883943
52,350,1809.600699560017,6.536227203889666,0.9974866656950555
53,350,1816.136926763907,6.536227203889666,0.9974775876017168
54,350,1822.673153967796,6.536227203889666,0.9974685095083781
55,350,1829.209381171686,6.536227203889666,0.9974594314150392
56,350,1835.745608375576,6.536227203889666,0.9974503533217006
57,350,1842.281835579465,6.536227203889666,0.9974412752283619
58,350,1848.818062783355,6.536227203889666,0.9974321971350232
59,350,1855.354289987245,6.536227203889666,0.9974231190416843
60,350,1861.890517191134,6.536227203889666,0.9974140409483456
61,350,1868.426744395024,6.536227203889666,0.9974049628550069
62,350,1874.962971598914,6.536227203889666,0.9973958847616681
63,350,1881.499198802803,6.536227203889666,0.9973868066683296
64,350,1888.035426006693,6.536227203889666,0.9973777285749907
65,350,1894.571653210583,6.536227203889666,0.997368650481652
66,350,1901.107880414472,6.536227203889666,0.9973595723883133
67,4400.835739109478,1907.644107618362,83.13674412115688,0.9973504942949745
68,6620.325894324264,1990.780851739519,125.8785284655501,0.9972350265948061
69,4119.92,2116.659380205069,77.76681759994381,0.9970601953052707
70,4527.594651291714,2194.426197805014,85.56273324351741,0.996952185836382
71,6503.020804492067,2279.988931048533,123.6053559059933,0.996833348706877
72,3851.892056786597,2403.594286954526,72.65145385760434,0.9966616746014521
73,5779.340842592075,2476.245740812133,109.6169370464868,0.9965607698044275
74,4187.464990218953,2585.862677858618,79.05718848179322,0.9964085240585298
75,3974.988702665605,2664.91986634041,74.99978440202221,0.9962987224078604
76,5281.699356373902,2739.919650742431,100.0326800945732,0.9961945560406356
77,4686.468045299864,2839.952330837004,88.60589711431567,0.9960556217627263
78,4922.467333617603,2928.558227951321,93.13162941794644,0.9959325580167343
79,322.9030393416383,3021.68985736927,6.029736962020252,0.9958032085314316
80,133.8343744902933,3027.719594331288,2.497841197303387,0.995794833896762
81,266.2383841717176,3030.217435528593,4.970821954084386,0.9957913646728769
82,338.2381046434643,3035.188257482678,6.316367100564548,0.9957844607534962
83,345.3427167883128,3041.50462458324,6.44916886232113,0.9957756880214121
84,4119.919999999999,3047.953793445563,77.76681759994381,0.9957667308424366
85,348.6920523962989,3125.720611045508,6.511777581613387,0.9956587213735479
86,349.9564179705475,3132.232388627122,6.535412516878296,0.9956496772380179
87,6164.261004984152,3138.767801143999,117.0497414316778,0.9956406002761888
