time,Pbatt,q,der(q),Soc
0,0,0,0,1
1,9447.731992179279,0,181.1621213798912,1
2,5068.629538034459,181.1621213798912,95.93772220848632,0.999748385942528
3,348.2894804659746,277.0998435883774,6.504252291958892,0.9996151391061272
4,348.0634345347971,283.6040958803363,6.500026815739602,0.9996061054223885
5,349.9922131781022,290.1041226960757,6.536081643359921,0.9995970776073665
6,3807.404004706402,296.6402043394356,71.80316341259049,0.9995879997161953
7,350,368.4433677520263,6.536227203889666,0.9994882731003444
8,350,374.979594955916,6.536227203889666,0.9994791950070057
9,350,381.5158221598057,6.536227203889666,0.9994701169136669
10,350,388.0520493636953,6.536227203889666,0.9994610388203281
11,4684.932514297323,394.588276567585,88.57647096964183,0.9994519607269894
12,3763.37178159315,483.1647475372267,70.96378072750531,0.9993289378506427
13,8773.884740682777,554.1285282647323,167.8993718905349,0.9992303770440768
14,3613.584609072044,722.0279001552672,68.11000734851041,0.9989971834720065
15,9531.502122901977,790.1379075037778,182.8147773397823,0.9989025862395782
16,348.2171760225044,972.9526848435603,6.502900704535023,0.9986486768266062
17,330.0903449093518,979.4555855480951,6.164072971532278,0.9986396450200721
18,343.8817769049663,985.6196585196278,6.421860059663686,0.9986310838076117
19,3966.096161373065,992.0415185792911,74.83008382337994,0.9986221645575288
20,4602.893706134774,1066.871602402671,87.00470629619895,0.9985182338855518
21,11636.70234627578,1153.876308698871,224.6340683504709,0.9983973940156959
22,3995.884264679863,1378.510377049343,75.39857892368582,0.9980854022540981
23,3776.519774200116,1453.90895597303,71.21439733779107,0.9979806820055931
24,3492.702608048541,1525.123353310822,65.80874887074651,0.9978817731204016
25,3422.962392090555,1590.932102181569,64.48182154037067,0.9977903720803033
26,2564.937596470405,1655.41392372194,48.20006656351143,0.9977008139948306
27,2296.183438735365,1703.613990285451,43.11671355669432,0.9976338694579369
28,199.7411901984302,1746.730703842146,3.728589724797075,0.9975739851335526
29,344.1887709902102,1750.459293566942,6.427598566733195,0.9975688065367125
30,177.5007634588006,1756.886892133676,3.31321982955069,0.997559879316481
31,278.8652598887489,1760.200111963228,5.206756387787664,0.9975552776222734
32,2896.105614811466,1765.406868351016,54.47473107115047,0.9975480460161791
33,4708.046878555245,1819.881599422166,89.01945111894383,0.9974723866674692
34,345.1758189079807,1908.901050541109,6.44604909140071,0.9973487485409152
35,4119.92,1915.347099632509,77.76681759994381,0.9973397956949549
36,5144.030170448214,1993.113917232452,97.38624661734957,0.997231786226066
37,348.7729763274481,2090.500163849801,6.513290297227741,0.9970965275502086
38,3585.094540047081,2097.013454147027,67.56749003210825,0.9970874813136846
39,4119.92,2164.580944179133,77.76681759994381,0.996993637577529
40,335.8705717405808,2242.347761779079,6.272113563601124,0.9968856281086401
41,3976.236187282727,2248.619875342679,75.02359144532784,0.9968769168398018
42,170.4855597574863,2323.643466788008,3.182212155804336,0.9967727174072389
43,343.3356119408696,2326.82567894381,6.411650859605288,0.9967682976681337
44,345.887366858905,2333.237329803414,6.459349859398117,0.9967593925974952
45,348.2897464710075,2339.696679662811,6.504257264393345,0.9967504212782461
46,349.984258045007,2346.200936927203,6.535932936563768,0.9967413875876011
47,4119.92,2352.736869863766,77.76681759994381,0.9967323099029669
48,349.8727114347711,2430.503687463711,6.533847775537197,0.9966243004340782
49,4071.618925148154,2437.037535239247,76.84439197332404,0.9966152256455011
50,350,2513.881927212569,6.536227203889666,0.9965084973233158
51,350,2520.418154416457,6.536227203889666,0.9964994192299771
52,350,2526.954381620344,6.536227203889666,0.9964903411366384
53,350,2533.490608824231,6.536227203889666,0.9964812630432998
54,350,2540.026836028119,6.536227203889666,0.996472184949961
55,350,2546.563063232006,6.536227203889666,0.9964631068566222
56,350,2553.099290435894,6.536227203889666,0.9964540287632835
57,350,2559.635517639781,6.536227203889666,0.9964449506699448
58,350,2566.171744843668,6.536227203889666,0.9964358725766059
59,350,2572.707972047556,6.536227203889666,0.9964267944832673
60,350,2579.244199251443,6.536227203889666,0.9964177163899286
61,350,2585.780426455331,6.536227203889666,0.9964086382965899
62,350,2592.316653659218,6.536227203889666,0.996399560203251
63,350,2598.852880863105,6.536227203889666,0.9963904821099123
64,350,2605.389108066993,6.536227203889666,0.9963814040165736
65,350,2611.92533527088,6.536227203889666,0.9963723259232348
66,350,2618.461562474768,6.536227203889666,0.9963632478298963
67,350,2624.997789678655,6.536227203889666,0.9963541697365574
68,350,2631.534016882542,6.536227203889666,0.9963450916432187
69,349.8327484885768,2638.07024408643,6.533100741248745,0.99633601354988
70,11859.93260134806,2644.603344827678,229.1013433897774,0.9963269397988505
71,4642.635507236174,2873.704688217454,87.76601673094592,0.9960087434885868
72,349.9996269975062,2961.470704948401,6.536220231283551,0.9958868462431272
73,5584.772483711032,2968.006925179684,105.8663036896705,0.9958777681594726
74,3667.985521775828,3073.873228869356,69.14617671283304,0.9957307316265703
75,5202.507665546059,3143.01940558219,98.51010430499082,0.9956346952700247
76,7338.095111099134,3241.529509887182,139.8227290206219,0.9954978756807122
77,344.7415838912625,3381.352238907803,6.437932082972111,0.9953036774459614
78,6117.664790035589,3387.790170990775,116.149060138122,0.9952947358736239
79,4106.417481013412,3503.939231128898,77.50892822099149,0.9951334177345432
80,3824.004087989254,3581.448159349889,72.1196652407607,0.9950257664453475
81,9560.655706759533,3653.56782459065,183.3901350726737,0.9949256002436242
82,11106.76070241491,3836.957959663323,214.0543830930142,0.9946708917226897
83,4154.732179828261,4051.012342756339,78.43180148701958,0.9943735939683939
84,317.5427496541794,4129.444144243359,5.929552731697186,0.9942646609107731
85,269.1880630487597,4135.373696975054,5.025935508781004,0.994256425420868
86,337.6393812702752,4140.399632483838,6.305175806079205,0.9942494449548835
87,344.6756076091315,4146.704808289921,6.436698812349732,0.9942406877662641
