time,Pbatt,q,der(q),Soc
0,0,0,0,1
1,5379.299992550076,0,101.9101765912874,1
2,4829.067000516691,101.9101765912874,91.33974999917928,0.9998584580880677
3,7317.983576052087,193.2499265904667,139.4311947890778,0.9997315973241799
4,4119.92,332.6811213795445,77.76681759994381,0.9995379428869727
5,4119.92,410.4479389794885,77.76681759994381,0.9994299334180841
6,9308.642982061341,488.2147565794326,178.4200109027151,0.9993219239491952
7,3947.349534134718,666.6347674821479,74.47236185783959,0.999074118378497
8,3770.474320781385,741.1071293399873,71.09916131909722,0.9989706845425834
9,5468.159943495961,812.2062906590843,103.6204770447735,0.9988719357074181
10,3750.442875880849,915.8267677038582,70.71735885500493,0.998728018378189
11,7812.833782632072,986.5441265588634,149.0789173784692,0.9986297998242238
12,3756.020018403789,1135.623043937333,70.82365559588607,0.9984227457723092
13,3055.240032090297,1206.44669953322,57.49411602823193,0.9983243795839816
14,3673.564047291597,1263.940815561451,69.25244889391843,0.9982445266450536
15,2301.227850543612,1333.19326445537,43.21205417068677,0.9981483426882564
16,2493.140587477999,1376.405318626058,46.84129558308223,0.9980883259463527
17,3209.915879351083,1423.246614209141,60.43156096713574,0.9980232685913762
18,2376.922095744648,1483.678175176276,44.64302411495692,0.9979393358678107
19,2435.143765032498,1528.321199291234,45.74410352785526,0.997877331667651
20,349.9606399679415,1574.065302819088,6.5354914394552,0.997813798190529
21,-122.4468509476471,1580.600794258544,-2.283677788688692,0.9978047211190854
22,245.9578436121451,1578.317116469855,4.591912853010399,0.9978078928937919
23,343.9255863332394,1582.909029322866,6.422678969672234,0.9978015152370515
24,283.0596012578822,1589.331708292539,5.285131757451836,0.9977925948495936
25,349.8992681386471,1594.616840049992,6.534344204703757,0.9977852543888195
26,348.526780494257,1601.151184254696,6.508688146742315,0.9977761789107574
27,4286.933811252866,1607.659872401437,80.95835548193236,0.9977671390661091
28,12542.37148985519,1688.618227883369,242.798113451895,0.9976546969057175
29,4379.417117344163,1931.416341335264,82.7269994180192,0.997317477303701
30,4193.968211095736,2014.143340753283,79.18145205010887,0.9972025786933982
31,348.3957534390045,2093.324792803391,6.506238854314233,0.9970926044544397
32,3807.53663783964,2099.831031657704,71.80569211188413,0.9970835680115865
33,4267.587948125431,2171.636723769588,80.58850762337943,0.9969838378836533
34,336.7630664081404,2252.225231392967,6.288795858861704,0.996871909400843
35,344.4180157614689,2258.51402725183,6.431883746075528,0.9968631749621502
36,249.7501633262105,2264.945910997907,4.662762951360492,0.9968542417902807
37,349.4177069264955,2269.608673949268,6.525342307169922,0.9968477657306261
38,307.6145672279411,2276.134016256437,5.74400215884998,0.9968387027551994
39,333.5681183787619,2281.878018415286,6.229077044503356,0.9968307249744232
40,349.5713974867818,2288.10709545979,6.528215265731887,0.996822073478528
41,350,2294.63531072552,6.536227203889666,0.9968130065128812
42,350,2301.171537929407,6.536227203889666,0.9968039284195425
43,350,2307.707765133295,6.536227203889666,0.9967948503262036
44,350,2314.243992337182,6.536227203889666,0.9967857722328651
45,350,2320.78021954107,6.536227203889666,0.9967766941395263
46,350,2327.316446744957,6.536227203889666,0.9967676160461876
47,350,2333.852673948844,6.536227203889666,0.9967585379528489
48,350,2340.388901152732,6.536227203889666,0.99674945985951
49,350,2346.925128356619,6.536227203889666,0.9967403817661713
50,350,2353.461355560506,6.536227203889666,0.9967313036728327
51,350,2359.997582764394,6.536227203889666,0.996722225579494
52,350,2366.533809968281,6.536227203889666,0.9967131474861551
53,350,2373.070037172169,6.536227203889666,0.9967040693928164
54,350,2379.606264376056,6.536227203889666,0.9966949912994777
55,350,2386.142491579943,6.536227203889666,0.9966859132061389
56,350,2392.678718783831,6.536227203889666,0.9966768351128004
57,350,2399.214945987718,6.536227203889666,0.9966677570194615
58,350,2405.751173191606,6.536227203889666,0.9966586789261228
59,350,2412.287400395493,6.536227203889666,0.9966496008327841
60,350,2418.82362759938,6.536227203889666,0.9966405227394453
61,350,2425.359854803268,6.536227203889666,0.9966314446461065
62,350,2431.896082007155,6.536227203889666,0.9966223665527678
63,350,2438.432309211043,6.536227203889666,0.9966132884594292
64,350,2444.96853641493,6.536227203889666,0.9966042103660904
65,5684.032057684519,2451.504763618817,107.7791573075351,0.9965951322727516
66,349.9141373766483,2559.283920926354,6.534622158034381,0.9964454389987133
67,3757.839964964424,2565.818543084387,70.85834334967376,0.9964363631346049
68,5372.740024259861,2636.67688643406,101.7839516178242,0.9963379487688415
69,3805.784170899528,2738.460838051887,71.77228084479157,0.9961965821693725
70,3776.532332400105,2810.23311889668,71.21463672139907,0.9960968984459768
71,4079.403004877679,2881.447755618077,76.9930301952777,0.9959979892283083
72,9187.215736259701,2958.440785813354,176.028035258103,0.9958910544641481
73,12401.10412843079,3134.468821071458,239.9578806797244,0.9956465710818452
74,3960.736984150681,3374.426701751185,74.72781635156844,0.9953132962475678
75,332.5430696996347,3449.154518102754,6.209917430888254,0.9952095076137462
76,4119.92,3455.364435533642,77.76681759994381,0.9952008827284254
77,347.3865703137888,3533.131253133587,6.487374225906024,0.9950928732595367
78,4079.854142724336,3539.618627359495,77.00164495008357,0.9950838630175562
79,4101.62992561389,3616.620272309578,77.41749388983862,0.994976916288459
80,10992.11958028429,3694.037766199416,211.7703951966064,0.9948693919913897
81,9446.500352570658,3905.808161396025,181.1378294522387,0.9945752664425055
82,4011.706723544419,4086.945990848261,75.70058492554062,0.9943236861238219
83,4580.979252078554,4162.646575773804,86.58497988837144,0.9942185464225364
84,345.3716859875831,4249.23155566218,6.449710374980441,0.9940982895060246
85,321.1507175872291,4255.681266037162,5.996985602196673,0.9940893315749484
86,4119.92,4261.678251639358,77.76681759994381,0.9940810024282787
87,332.3524325118351,4339.445069239298,6.206354163579817,0.9939729929593899
