time,Pbatt,q,der(q),Soc
0,0,0,0,1
1,3647.150258141708,0,68.74929063134732,1
2,3647.268962087976,68.74929063134731,68.75155165918522,0.9999045148741231
3,3647.315725068095,137.5008422905326,68.75244238315827,0.9998090266079297
4,3647.378156398131,206.2532846736907,68.75363155245032,0.9997135371046199
5,3647.439292342035,275.0069162261411,68.75479604811517,0.999618045949686
6,3647.561203161506,343.7617122742562,68.75711816317835,0.9995225531773968
7,3647.626096333171,412.5188304374347,68.75835422650516,0.999427057179948
8,3647.73791800444,481.2771846639401,68.76048416921503,0.9993315594657446
9,3647.787559228167,550.0376688331553,68.76142971949093,0.9992360587932873
10,3647.868451209589,618.7990985526462,68.76297052486598,0.9991405568075657
11,3648.006893626335,687.5620690775124,68.7656075347636,0.9990450526818367
12,3648.022241183537,756.3276766122763,68.76589987059015,0.998949544893594
13,3648.207944635173,825.0935764828662,68.76943709823945,0.9988540366993294
14,3648.301782481566,893.8630135811061,68.77122449686476,0.9987585235922484
15,3648.330279182962,962.6342380779706,68.77176729473285,0.9986630080026694
16,3648.468358256597,1031.406005372703,68.77439739082774,0.9985674916592046
17,6172.359867496454,1100.180402763531,117.2063139502789,0.9984719716628284
18,3691.413120577242,1217.386716713809,69.59250093409219,0.9983091851156753
19,3681.240186142415,1286.979217647902,69.39868671424847,0.9982125288643778
20,3765.033621380072,1356.377904362151,70.99545634235346,0.998116141799497
21,3765.385119276413,1427.373360704503,71.0021561320832,0.9980175369990215
22,3969.520588710891,1498.375516836586,74.89543275162896,0.9979189228932825
23,2925.437363985206,1573.270949588216,55.03105788508992,0.9978149014589052
24,6706.123979772249,1628.302007473306,127.5421643521122,0.9977384694340649
25,3971.629387140441,1755.844171825418,74.93567595879949,0.9975613275391313
26,331.9904754556312,1830.779847784218,6.199588706280792,0.9974572502114109
27,5151.082558558546,1836.979436490499,97.52176330414477,0.9974486396715411
28,4931.744110307345,1934.501199794643,93.30965761072366,0.997313192778063
29,278.9872824085348,2027.810857405366,5.209036471945183,0.9971835960313814
30,322.4341030580528,2033.019893877311,6.020972386677386,0.9971763612585037
31,323.8952013902004,2039.040866263988,6.048280876916579,0.9971679987968555
32,332.1270044546799,2045.089147140905,6.202140612688709,0.9971595984067488
33,339.0460060571448,2051.291287753595,6.331468395400861,0.9971509843225644
34,349.8989502956875,2057.622756148996,6.53433826320861,0.9971421906164597
35,4119.919999999999,2064.157094412205,77.76681759994381,0.9971331151466497
36,3505.643877143738,2141.92391201215,66.05503770890937,0.9970251056777609
37,4234.362227262048,2207.978949721061,79.95340681631205,0.9969333625698318
38,7393.821299600045,2287.932356537373,140.9078639668205,0.996822316171476
39,5070.413944334271,2428.840220504196,95.97199505624758,0.9966266108048553
40,6413.264677602875,2524.812215560443,121.8671162265268,0.9964933163672771
41,3874.918446435185,2646.67933178697,73.09060329773502,0.9963240564836293
42,3788.453329890869,2719.769935084702,71.44188189935494,0.9962225417568268
43,3779.308851289975,2791.211816984057,71.26756297669908,0.9961233169208554
44,4645.398935666273,2862.479379960757,87.81896071942128,0.9960243341944989
45,3680.855384133231,2950.29834068018,69.39135571105544,0.9959023634157219
46,3729.753414550384,3019.689696391235,70.32306115660185,0.99580598653279
47,5807.857284573582,3090.012757547835,110.1670043923095,0.995708315614517
48,7884.28135702033,3200.179761940146,150.474280401475,0.9955553058861942
49,8069.177132782217,3350.654042341623,154.0881022152344,0.9953463138300811
50,9517.125682044974,3504.742144556855,182.5310909585269,0.9951323025770044
51,4293.302721172693,3687.273235515383,81.0801233659131,0.9948787871728954
52,3194.313670808024,3768.353358881297,60.13514089879391,0.9947661758904426
53,6078.345825671789,3828.488499780089,115.3892395233975,0.9946826548614166
54,3209.130188577637,3943.877739303486,60.41663330630945,0.9945223920287452
55,3219.790450284263,4004.294372609795,60.61917776088649,0.9944384800380419
56,-1779.635363983095,4064.913550370681,-33.03922834156447,0.9943542867355962
57,-2855.261043665012,4031.874322029118,-52.85286641343419,0.9944001745527374
58,-3380.884790730683,3979.021455615686,-62.49331117898828,0.994473581311645
59,-2888.577851933254,3916.528144436699,-53.46473927550142,0.9945603775771713
60,-1814.898989626352,3863.063405161199,-33.69064391284064,0.9946346341594984
61,-1338.593676981081,3829.372761248357,-24.8813623033675,0.9946814267204883
62,-378.4598022594877,3804.49139894499,-7.053391783103052,0.994715984168132
63,-5.647399673024097,3797.438007161888,-0.1053602773640705,0.9947257805456086
64,324.0982844840009,3797.332646884522,6.052076595764447,0.9947259268793271
65,319.3173251068212,3803.384723480287,5.962719352302429,0.9947175212173884
66,349.0051707481521,3809.347442832588,6.517630724444643,0.9947092396627326
67,3647.030796700311,3815.865073557031,68.74701517660151,0.9947001873978375
