time,Pbatt,q,der(q),Soc
0,0,0,0,1
1,3592.93140915177,0,67.7167133448047,1
2,3592.972285323021,67.71671334480472,67.7174916935287,0.9999059490092433
3,3592.958235171598,135.4342050383334,67.71722415579325,0.9998118969374468
4,3592.955703004257,203.1514291941266,67.71717593921085,0.9997178452372304
5,3592.967610319612,270.8686051333376,67.71740267385758,0.9996237936039815
6,3592.93457752953,338.5860078071954,67.71677367585971,0.9995297416558234
7,3592.941700851453,406.3027814830553,67.71690931547346,0.9994356905812736
8,3592.88855398963,474.019690798529,67.71589731307768,0.9993416393183354
9,3592.966657352049,541.7355881116068,67.71738452780482,0.9992475894609562
10,3592.95176046706,609.4529726394117,67.71710086689563,0.9991535375380007
11,3592.967418161418,677.1700735063077,67.71739901485307,0.9990594860090191
12,3593.005908330593,744.8874725211604,67.71813193036769,0.9989654340659428
13,3593.045943098909,812.6056044515283,67.71889425773952,0.9988713811049285
14,3593.091154933699,880.3244987092673,67.71975516512521,0.998777327085126
15,3593.090893680913,948.0442538743923,67.71975019044339,0.998683271869619
16,3593.155336118069,1015.764004064836,67.72097728038352,0.9985892166610211
17,3593.103530731356,1083.484981345219,67.71999082062166,0.9984951597481316
18,6561.243490967004,1151.20497216584,124.7334120062069,0.9984011042053251
19,4396.530047363745,1275.938384172048,83.05437081062928,0.9982278633553167
20,6483.557977908513,1358.992754982678,123.2283544134339,0.9981125100625241
21,12235.36490850197,1482.221109396112,236.6289353118773,0.9979413595702832
22,4292.37312795533,1718.85004470799,81.06235008901058,0.9976127082712389
23,3985.943950976706,1799.912394797,75.20886068624031,0.9975001216738931
24,4078.672921314527,1875.121255483241,76.97908884839489,0.99739566492294
25,10960.05271936181,1952.100344331637,211.1318265846567,0.9972887495217617
26,6226.68906019766,2163.232170916292,118.2568376377289,0.9969955108737274
27,10821.91148963287,2281.48900855402,208.3824128650076,0.9968312652658972
28,3752.826337927323,2489.871421419028,70.76278568337102,0.996541845248029
29,4232.253646236037,2560.634207102401,79.91310601377199,0.9964435636012468
30,349.8986221065994,2640.547313116174,6.534332128311689,0.9963325731762276
31,3872.101568045352,2647.081645244487,73.03687784034855,0.9963234977149382
32,3858.701407663983,2720.118523084837,72.78131275283931,0.9962220576068267
33,348.5561352230911,2792.899835837678,6.509236875760052,0.9961209724502255
34,340.8009204282632,2799.409072713436,6.364271493309388,0.9961119318434535
35,315.773559635652,2805.773344206744,5.896487091713425,0.9961030925774906
36,320.3472927360596,2811.669831298457,5.981969485213085,0.9960949030120856
37,349.9842504368767,2817.651800783672,6.535932794343353,0.9960865947211337
38,349.9727822945167,2824.187733578017,6.53571841821713,0.9960775170366972
39,4119.919999999999,2830.723451996235,77.76681759994381,0.9960684396500052
40,4119.92,2908.49026959618,77.76681759994381,0.9959604301811164
41,3561.945049015969,2986.257087196125,67.12673578875365,0.9958524207122277
42,4119.92,3053.383822984877,77.76681759994381,0.9957591891347433
43,4278.674136615755,3131.150640584822,80.80044461598663,0.9956511796658544
44,5695.721697541522,3211.951085200811,108.0045052765249,0.99553895682611
45,7629.535853615578,3319.955590477337,145.501908520142,0.9953889505687815
46,10752.50366725029,3465.457498997478,207.0019023878308,0.9951868645847257
47,3939.190375160406,3672.459401385307,74.3166814991182,0.9948993619425205
48,4068.209815937188,3746.776082884424,76.77929662421775,0.9947961443293272
49,4705.190586290119,3823.555379508642,88.96470783989616,0.9946895064173491
50,9205.129403030369,3912.520087348537,176.380800313118,0.9945659443231271
51,7281.361793496496,4088.900887661655,138.7183593130703,0.9943209709893589
52,7212.713409943331,4227.619246974726,137.3825587603674,0.994128306601424
53,8414.107501330418,4365.00180573509,160.8407750108026,0.9939374974920346
54,12694.77683196017,4525.842580745892,245.8651936481597,0.9937141075267417
55,9112.673838497551,4771.707774394052,174.5605390453738,0.9933726280911194
56,9167.19401565155,4946.26831343943,175.6338037265523,0.9931301828980008
57,3619.187378742636,5121.902117165981,68.21670769424964,0.9928862470594917
58,231.5033003906837,5190.118824860227,4.321879281994825,0.9927915016321386
59,-2344.619503088597,5194.440704142224,-43.46098222538512,0.9927854990220247
60,-3851.783736717186,5150.979721916836,-71.10697977856989,0.9928458614973378
61,-3805.687329091726,5079.872742138266,-70.26474357416737,0.9929446211914746
62,-3446.701752344208,5009.607998564095,-63.69853956716952,0.9930422111131053
63,-4543.897552846502,4945.909458996928,-83.72788585610169,0.9931306813069487
64,-2942.465779495614,4862.181573140822,-54.45417393698381,0.9932469700373044
65,-1398.380253136646,4807.727399203839,-25.98837848149014,0.9933226008344391
66,-168.9633060885194,4781.739020722351,-3.150818746610639,0.9933586958045523
67,121.9752292052594,4778.588201975743,2.276430714545768,0.9933630719417003
