time,Pbatt,q,der(q),Soc
0,0,0,0,1
1,11039.217387681,0,212.7085206280444,1
2,9749.351006093693,212.7085206280444,187.1166439088702,0.9997045714991277
3,7478.280604410256,399.8251645369144,142.5532078538363,0.9994446872714765
4,11717.83052849701,542.3783723907508,226.2568633228061,0.9992466967050129
5,10476.0526085231,768.6352357135564,201.5093419330888,0.998932451061509
6,4275.577759200098,970.1445776466454,80.74124913613059,0.9986525769754908
7,8026.439834118954,1050.885826782776,153.252430870537,0.9985404363516905
8,3909.618906246059,1204.138257653313,73.75250679695409,0.9983275857532593
9,3810.464234176354,1277.890764450267,71.8615083056734,0.9982251517160412
10,4657.199484773821,1349.752272755941,88.0450548170852,0.9981253440656167
11,7877.15613063813,1437.797327573026,150.3350982219663,0.9980030592672596
12,4133.566448488131,1588.132425794993,78.02747659168381,0.9977942605197292
13,10511.13285604379,1666.159902386676,202.205789287596,0.9976858890244629
14,3849.828378782104,1868.365691674272,72.6120991478233,0.9974050476504523
15,5052.221024525791,1940.977790822094,95.62258305305386,0.9973041975127471
16,3824.902084029153,2036.600373875149,72.13678755559476,0.9971713883696179
17,4213.446131468625,2108.737161430745,79.55366447232109,0.9970711983869017
18,3909.512000409542,2188.290825903068,73.75046738670926,0.9969607071862457
19,5394.818167776192,2262.041293289776,102.2087922669698,0.996858275981542
20,7601.511275445183,2364.250085556746,144.9553683966656,0.9967163193256156
21,9379.065359675878,2509.205453953414,179.808076781389,0.9965149924250648
22,6751.312937357914,2689.013530734801,128.4187294388707,0.9962652589850906
23,4857.755208081927,2817.432260173673,91.89002656605226,0.9960868996386476
24,5257.309196285201,2909.322286739725,99.56366768023736,0.9959592746017504
25,4593.311876667752,3008.885954419961,86.82117936872328,0.9958209917299723
26,5280.815756032528,3095.707133788683,100.0156876538722,0.9957004067586268
27,7421.352861272393,3195.722821442555,141.4441110772354,0.9955614960813298
28,9160.026702066094,3337.16693251979,175.4926898427625,0.9953650459270559
29,8610.09843916717,3512.659622362553,164.684050976402,0.995121306080052
30,4278.071607946698,3677.343673338955,80.7889255958612,0.9948925782314736
31,3516.062300332465,3758.132598934817,66.25332699697401,0.9947803713903683
32,7106.519871446789,3824.385925931792,135.3172759867653,0.9946883528806504
33,4180.752693019249,3959.703201918555,78.92893483302714,0.9945004122195577
34,4157.924315354627,4038.632136751585,78.49278457456694,0.9943907886989561
35,4095.227880427932,4117.124921326153,77.29522948578369,0.9942817709426025
36,328.2648019679016,4194.420150811933,6.12995172449746,0.9941744164572057
37,344.1049448932206,4200.55010253643,6.426031640940892,0.9941659026353661
38,-702.7974542277504,4206.97613417737,-13.08633278696379,0.9941569775914203
39,3491.784521593379,4193.889801390409,65.79127721747454,0.9941751530536245
40,348.6088112495596,4259.681078607886,6.510221550870938,0.9940837762797112
41,3431.927794244492,4266.191300158756,64.65237368715589,0.9940747343053351
42,2924.260465592804,4330.843673845915,55.0087341844287,0.9939849393418807
43,2510.611435836124,4385.852408030345,47.17188298868859,0.9939085383221802
44,-480.4315808900305,4433.024291019032,-8.951316647988278,0.9938430218180291
45,-828.1308232413662,4424.072974371042,-15.41473713198866,0.9938554542022625
46,-811.441584009084,4408.658237239055,-15.10478261838625,0.9938768635593901
47,-315.3352884907418,4393.553454620673,-5.877964268269352,0.993897842424138
48,-3028.201068701982,4387.675490352407,-56.02776465309353,0.9939060062633994
49,-5562.445584330903,4331.647725699317,-102.2175044515029,0.9939838226031953
50,-1956.409640182883,4229.430221247816,-36.30347208026524,0.994125791359378
51,-1114.510538973081,4193.126749167553,-20.72897417927015,0.9941762128483784
52,-928.9212475709785,4172.39777498828,-17.28602229545868,0.994205003090294
53,-859.6819163026187,4155.111752692823,-16.00062975897663,0.9942290114545933
54,-23.53653373825159,4139.111122933849,-0.4390856598606661,0.9942512345514808
55,0.01266259856186025,4138.672037273986,0.0002362425188948691,0.994251844392675
56,237.5617644638117,4138.672273516508,4.435058253684929,0.9942518440645604
57,315.6638169908123,4143.107331770192,5.894436044796748,0.9942456842614302
58,4119.92,4149.001767814992,77.76681759994381,0.9942374975447015
59,330.0359229986897,4226.768585414933,6.163055765852278,0.9941294880758126
60,326.2355014552037,4232.931641180789,6.092022450662625,0.9941209282761378
61,345.5045701405843,4239.023663631455,6.452194340205551,0.9941124671338453
62,349.4940236392172,4245.475857971664,6.526768905559493,0.994103505752817
63,4119.919999999999,4252.002626877224,77.76681759994381,0.9940944407960037
64,3615.696569413783,4329.769444477164,68.15022756627741,0.9939864313271151
