time,Pbatt,q,der(q),Soc
0,0,0,0,1
1,3943.652429380755,0,74.40181854864795,1
2,3994.048064186594,74.40181854864795,75.36353285182577,0.9998966641409046
3,3617.812186557384,149.7653514004737,68.19051791845686,0.9997919925674993
4,11657.48849489973,217.9558693189305,225.049770294328,0.9996972835148349
5,4097.712181551212,443.0056396132583,77.3426734065024,0.999384714389426
6,4036.782223684577,520.3483130197609,76.17926238478549,0.9992772940096948
7,4150.706668531557,596.5275754045459,78.35489907087322,0.9991714894786049
8,3424.851841455063,674.8824744754191,64.51776449512408,0.9990626632298952
9,3479.190998031547,739.4002389705432,65.55162542535027,0.9989730552236521
10,3966.784475741846,804.9518643958939,74.8432189386308,0.9988820112994502
11,4851.329780325655,879.7950833345252,91.76677055504615,0.9987780623842576
12,6027.780926888991,971.5618538895709,114.4123587609506,0.9986506085362644
13,5559.259671697814,1085.974212650522,105.3748227202309,0.9984917024824298
14,4058.802333940766,1191.349035370752,76.59967186147469,0.9983453485619851
15,2903.245572935944,1267.948707232227,54.61014394609037,0.9982389601288441
16,2440.553951743924,1322.558851178317,45.84643879374016,0.9981631127066969
17,2946.851438348649,1368.405289972057,55.43727177544588,0.998099437097261
18,2096.466960816604,1423.842561747502,39.34422962792405,0.9980224408864617
19,52.34835560776253,1463.186791375427,0.9767908315370732,0.9979677961230897
20,3035.578797695708,1464.163582206964,57.12091775479303,0.9979664394691571
21,2169.284940931398,1521.284499961758,40.71920466340953,0.9978871048611642
22,2291.113301691287,1562.003704625168,43.02088949921108,0.9978305504102428
23,340.7345647292586,1605.02459412438,6.363031157712157,0.9977707991748272
24,3323.956615795824,1611.387625282091,62.59898658141765,0.9977619616315527
25,3978.266573228203,1673.986611863509,75.06233977706461,0.997675018594634
26,4039.646318674316,1749.048951640573,76.23394083118546,0.9975707653449436
27,2128.38503146971,1825.282892471758,39.94684769771584,0.997464884871567
28,297.8342983015258,1865.229740169473,5.561226048186654,0.9974094031386534
29,194.985377023824,1870.79096621766,3.639764180786642,0.9974016792135866
30,-1086.811695126135,1874.430730398447,-20.21534354865298,0.9973966239855578
31,-1713.382106899901,1854.215386849794,-31.81501022195016,0.9974247008515975
32,-198.2909163664583,1822.400376627843,-3.697416963224896,0.9974688883657947
33,-26.26498370674068,1818.702959664618,-0.4899825194738696,0.9974740236671324
34,-304.825597390767,1818.212977145145,-5.68222566944587,0.9974747041984096
35,-188.0768336897951,1812.530751475699,-3.507060408733196,0.997482596178506
36,323.4615593791686,1809.023691066966,6.040175917539273,0.9974874670957403
37,3274.688374728817,1815.063866984506,61.66243321052889,0.9974790779625216
38,131.1121437744474,1876.726300195035,2.447015799721157,0.9973934356941735
39,291.292926164535,1879.173315994756,5.43898482484974,0.9973900370611184
40,320.8422246332823,1884.612300819606,5.991219820013612,0.9973824829155283
41,4119.919999999999,1890.60352063962,77.76681759994381,0.9973741617768894
42,324.7310449396809,1968.370338239563,6.063903214874699,0.9972661523080005
43,334.5424601889874,1974.434241454437,6.247288976594064,0.9972577302202021
44,349.8035716007053,1980.681530431032,6.532555332725678,0.997249053429957
45,4119.92,1987.214085763758,77.76681759994381,0.9972399804364391
46,346.6272119725889,2064.980903363702,6.473179634500866,0.9971319709675505
47,349.7534546708214,2071.454082998201,6.531618488646927,0.9971229804402802
48,349.7167194975059,2077.985701486849,6.53093179212874,0.9971139087479349
49,4119.919999999999,2084.516633278979,77.76681759994381,0.9971048380093348
50,3924.479012603292,2162.283450878925,74.03600089613519,0.9969968285404459
51,5253.243507845562,2236.31945177506,99.48549279974668,0.9968940007614235
52,4085.463673282075,2335.804944574805,77.10876428199344,0.9967558264658682
53,349.9966162613753,2412.913708856798,6.536163951024719,0.9966487309599211
54,4119.92,2419.449872807821,77.76681759994381,0.9966396529544336
55,4119.92,2497.216690407766,77.76681759994381,0.9965316434855448
56,4119.372348810113,2574.983508007711,77.75635742099166,0.9964236340166559
57,4964.446672631375,2652.739865428701,93.93732156134956,0.9963156390757936
58,4119.92,2746.677186990049,77.76681759994381,0.996185170573625
59,4119.92,2824.444004589994,77.76681759994381,0.9960771611047361
60,5188.820675922096,2902.210822189939,98.24702421759321,0.9959691516358473
61,3766.695467334393,3000.457846407533,71.02713238075103,0.995832697435545
62,4069.31664104308,3071.484978788283,76.80043079105644,0.9957340486405718
63,3943.652429380755,3148.285409579337,74.40181854864795,0.9956273813755844
64,3994.048064186594,3222.687228127987,75.36353285182577,0.995524045516489
