,0
0,0.3631226197596922
1,0.38369070959743024
2,0.5067662193393054
3,0.7048782836891826
4,0.4774217975279159
5,0.17595085821305656
6,0.022434510100067806
7,0.0
8,0.0
9,0.0
10,0.0
11,0.12478274672138356
12,0.6752915028502137
13,1.0817759322092988
14,1.1962672015942313
15,1.578785721491485
16,1.7013083267148599
17,1.5298154620884374
18,1.2263151682242255
19,0.9908014020691535
20,1.3032987826511981
21,1.8398074956626176
22,1.982284855750741
23,2.2607210135369
24,2.56318854930426
25,2.8456665750651773
26,3.142130931488743
27,3.284591091205889
28,3.3510708992453613
29,3.0775370007035527
30,2.903984325870419
31,2.588458057458413
32,2.3269684239903126
33,2.3134684244717016
34,2.187956903852022
35,2.0004152459393056
36,1.8988329134762525
37,1.953252736195716
38,1.7936830410145514
39,1.79208581420518
40,1.694491235154373
41,1.4489636054517194
42,1.7594784309357085
43,1.201978428911158
44,0.9604873696162707
45,0.7209872013924346
46,0.4954209947692118
47,0.35580854771087544
48,0.24624392461053546
49,0.0387241061212783
50,0.0
51,0.0
52,0.0
53,0.0
54,0.0
55,0.0
56,0.0
57,0.0
58,0.0
59,0.0
60,0.0
61,0.0
62,0.0
63,0.0
64,0.0
65,0.0
66,0.0
67,0.0
68,0.0
69,0.3126829020081069
70,0.11314484468209696
71,0.25963852185978353
72,0.4661540664360123
73,0.3386313377578435
74,0.5291140023527456
75,0.8896235939876783
76,1.5201082224064217
77,1.614555420764869
78,1.4070215533117454
79,1.4815340272760995
80,1.5121034156936881
81,1.7406965873742741
82,1.8632543698311665
83,2.0197414132732097
84,1.9661789402626266
85,1.66859804105406
86,1.2029965289990656
87,0.8194143766772208
88,0.40591613781315206
