,0
0,0.556114778516463
1,0.6942352671380694
2,0.8483590760867226
3,1.1024891376971488
4,1.3506244966984688
5,1.8567704350244312
6,2.1649297617197796
7,2.461109455041725
8,2.749295152794898
9,2.9574865013215033
10,3.047695614133756
11,3.3999050428323514
12,3.622119550717312
13,3.552334437145456
14,3.402552107348182
15,3.1847803575510074
16,3.0310192569049303
17,2.9932558360912735
18,2.4814887059951216
19,2.0537235729271845
20,1.917964614096055
21,1.886199876647825
22,1.7704408845629964
23,1.780682478165644
24,1.7829364537315606
25,1.7371926397473558
26,2.099436943942127
27,1.7276664361815248
28,1.5219000551186994
29,1.354119349882269
30,1.2583118100480988
31,1.1124938850918302
32,1.0086722320252748
33,0.5608403594699086
34,0.17300429105190018
35,0.0
36,0.0
37,0.0
38,0.0
39,0.0
40,0.0
41,0.0
42,0.0
43,0.0
44,0.0
45,0.0
46,0.0
47,0.0
48,0.0
49,0.0
50,0.0
51,0.0
52,0.0
53,0.0
54,0.0
55,0.0
56,0.0
57,0.0
58,0.0
59,0.0
60,0.0
61,0.0
62,0.0
63,0.0
64,0.0
65,0.0
66,0.0
67,0.18458642281448695
68,0.6907938835837427
69,0.774990953622668
70,0.6871857839149978
71,0.729375255831375
72,0.8115517651984439
73,1.2316847526902257
74,1.3001413938640756
75,1.7719265120832826
76,2.0820468133266266
77,2.2638389865721966
78,2.4272934855991006
79,2.36907371867545
80,2.132517782941106
81,1.6376328098152513
82,1.1677466050492216
83,0.8561876408411804
84,0.5979551010909793
85,0.49471747090956614
86,0.24647846085702158
87,0.07324012472947239
88,0.14999999770032246
