,0
0,0.0
1,0.21520554638977796
2,0.2767603350457398
3,0.32635953302706855
4,0.42193141696760317
5,0.34753784531128784
6,0.2451073754228208
7,0.3667192048529254
8,0.6823450093044279
9,1.0899289962981156
10,1.761555528055061
11,2.0131011944225596
12,2.1187062188685277
13,2.524284590747593
14,2.619853682979837
15,2.9833959148640736
16,3.0329416642963656
17,3.1284933033619247
18,3.4059922540935132
19,3.5054786587122955
20,3.6189514018896403
21,3.484497207775341
22,3.0880953275907257
23,2.825670705590768
24,2.6432694145528837
25,2.3868669615836615
26,2.250391195955279
27,2.089920626229694
28,1.9894764527197641
29,2.1390153731186716
30,2.0405698536200885
31,1.9401096030017646
32,1.775682915848733
33,1.751176047088556
34,2.2346963962823674
35,2.0141772983167336
36,1.819760216382058
37,1.3514183286366959
38,1.1930467519110428
39,0.7267088689065878
40,0.25832302729172374
41,0.0
42,0.0
43,0.0
44,0.0
45,0.0
46,0.0
47,0.0
48,0.0
49,0.0
50,0.0
51,0.0
52,0.0
53,0.0
54,0.0
55,0.0
56,0.0
57,0.0
58,0.0
59,0.0
60,0.0
61,0.0
62,0.0
63,0.0
64,0.0
65,0.1877139503207016
66,0.2553990454556243
67,0.0650486532039295
68,0.046717710820041614
69,0.2403366113531965
70,0.4999501525770062
71,0.7316581178240725
72,1.187325861677294
73,1.3509761182255529
74,1.500546989149819
75,1.4661279823966749
76,1.059636258101233
77,1.0072004495103386
78,0.7908562918883437
79,1.0804876861076176
80,1.372193784173782
81,1.529824677492821
82,1.6514874976185494
83,1.9571286004591948
84,1.9986889860963255
85,1.8100215115800808
86,1.4746894372001051
87,1.414372707329934
88,1.0657279692388975
