,0
0,0.0
1,0.0
2,0.0
3,0.0
4,0.0
5,0.0
6,0.0
7,0.0
8,0.0
9,0.0
10,0.0
11,0.13736925609517758
12,0.48420748994697504
13,0.7376647614083316
14,1.0789117269609028
15,1.8538071918333774
16,2.193577359239565
17,2.5404972428999284
18,3.0407393630045116
19,3.5817367074363315
20,4.091128603042484
21,4.799924081355029
22,5.310701551614684
23,5.753750251255413
24,6.1565327706548585
25,6.380007672521387
26,6.535270204953758
27,6.895756525588231
28,7.309297645064798
29,7.715618799867807
30,8.019698067564281
31,8.338879131739596
32,8.642629383523825
33,8.710185203770957
34,8.827159709060659
35,9.155197924213246
36,9.284353264987876
37,9.335504780897782
38,9.313338659638394
39,9.372605276216122
40,9.633550125164962
41,9.894277802059305
42,9.873631574254528
43,9.936228201443765
44,9.867694824134233
45,9.774308136628736
46,9.584320826357699
47,9.503413557745802
48,9.330671561331904
49,9.130160584504154
50,9.115536160750816
51,9.182985155609352
52,9.808021549355448
53,10.197696713757669
54,10.462280548201983
55,10.965706618043892
56,11.469578108782597
57,11.815719042958499
58,12.151030874082824
59,12.46002653957797
60,12.438907194425553
61,12.613957857962355
62,12.624922473026443
63,12.688760598703647
64,12.8303462474422
65,12.69590007389747
66,12.406883029740342
67,12.423237289561726
68,12.18392541052624
69,11.92915750571278
70,11.42991446628999
71,10.944372412185936
72,10.929394340729417
73,10.608126588494816
74,10.185175467231272
75,10.021652027608415
76,9.819960533253905
77,9.965198943330861
78,9.47483946482339
79,9.053279198914485
80,8.752467299161488
81,8.143886281726084
82,7.740963971659749
83,7.3546695531341655
84,7.349789986484485
85,7.145475389172572
86,6.623695061610144
87,6.502000337088642
88,6.625401217916243
89,6.606774716979284
90,6.729912844326067
91,7.256668483812346
92,7.622034842021479
93,7.3743386140871685
94,7.17997144614572
95,6.7384657538728625
96,6.48888791133149
97,6.51258268122336
98,6.3579621001596385
99,6.469695515666182
100,6.693134338167704
101,7.292020658461798
102,7.3126099113018315
103,7.181230196176987
104,6.783127567387673
105,6.304721914192614
106,6.358378272732177
107,6.211137148838463
108,6.011643963215173
109,6.039205424017878
110,5.975030023464632
111,6.128745985058419
112,5.929144098150018
113,5.352313495441657
114,5.372528756108309
115,5.410228817991342
116,5.399676068324825
117,5.097626466649215
118,4.898306797619636
119,4.604797132401615
120,4.468685004984335
121,4.422050707053601
122,4.525554120070643
123,4.84637927747757
124,5.188642629628145
125,5.555581654853977
126,5.664135420041913
127,5.638996227879699
128,5.639876861315357
129,5.514512481734792
130,5.581697174570949
131,5.460261709755045
132,5.762951953179672
133,6.087969270265166
134,6.224611161370104
135,6.2094934269273985
136,6.134139443611965
137,6.182042018147184
138,6.258124992226673
139,6.180462335693219
140,6.278329476092268
141,6.368417496676112
142,6.343914793313294
143,6.184626317060228
144,5.761969433750598
145,5.334303335381468
146,4.906091799730362
147,4.594899483433256
148,4.2659747302372075
149,3.995877752070852
150,3.8768647025245353
151,3.6720906893849383
152,3.642231863163663
153,3.513545377131067
154,3.309271665914479
155,2.7333423969716892
156,2.5202898069261988
157,2.2489532166526915
158,2.1524372054416543
159,2.1553402048091637
160,1.9832810985306693
161,1.931018529001007
162,1.8815022155774042
163,1.761363114088688
164,1.5274158766360273
165,1.4377802565328155
166,1.3893602303362975
167,1.310908584383526
168,1.34804984229996
169,0.9305103541114699
170,0.8633107138633926
171,0.6925288740292954
172,0.6849547773255251
173,0.9064124866074037
174,0.8073064178983023
175,0.7344430767060306
176,0.7571147197090271
177,0.5019315765313292
178,0.43033032276056193
179,0.3659303194313228
