,0
0,0.0675184227563852
1,0.07651086031612753
2,0.19426771204668825
3,0.27007714342264144
4,0.3262238639756827
5,0.6804347512339062
6,1.0948609314789186
7,1.4642466529077538
8,1.863320346761462
9,2.39530738848216
10,2.764326648883059
11,3.4664625182260544
12,4.0645161412316515
13,4.5203110536120175
14,5.016228858401929
15,5.452406717985111
16,6.318934719702587
17,7.073106630290798
18,7.669694948468009
19,8.194407086866155
20,8.658888697643405
21,9.139317387326116
22,9.492773858967315
23,9.700845197839454
24,9.760598088536561
25,9.980729086828962
26,10.404564343704612
27,10.522780777882684
28,10.770774495550043
29,10.994071375380413
30,11.212056435444705
31,11.444861996174799
32,11.768745830087328
33,11.88857473920769
34,12.080818655171713
35,12.141400755904172
36,12.165598318382461
37,12.17126763332875
38,12.100037813555504
39,12.086319265144308
40,12.08955922654508
41,12.108657462877376
42,12.142382342889452
43,12.06909236248748
44,11.856723524245266
45,12.1414222234031
46,12.355187947376514
47,12.364294516108863
48,12.519529087345362
49,12.651515364278744
50,12.831521599251909
51,13.093634780973122
52,13.186452843312797
53,13.133193916113179
54,13.050729487324066
55,13.240371622032558
56,13.247067122170378
57,13.331829713729881
58,13.358378529432708
59,13.272060767538001
60,13.28187000305271
61,13.092485013721337
62,12.964696922454616
63,12.575170602750774
64,12.265097444877437
65,11.721552318796256
66,11.08977502755728
67,10.274886538961532
68,9.997680635244993
69,9.419197494081361
70,9.166584818915585
71,8.823677116039399
72,8.632781942730798
73,8.237446714229891
74,7.463656174510152
75,7.084680612606842
76,6.727054708508286
77,6.184072622715376
78,5.857754766440588
79,5.469436952727194
80,5.353722535102742
81,5.412928396177181
82,5.311475862552322
83,5.455287189855532
84,5.65850935565455
85,5.724181692013681
86,6.061458891728014
87,6.407763567822841
88,6.557935955116817
89,6.542786462025145
90,6.041751611651744
91,5.6269904691421555
92,5.17402638995492
93,5.046133254045546
94,5.066561557442009
95,5.637170299992887
96,6.441987299328076
97,7.131505346741678
98,7.454896079689774
99,7.841556516984035
100,8.0896028443776
101,8.052310727803814
102,7.821643660023038
103,7.274787067538988
104,6.52978093930912
105,6.035594224048658
106,5.520958304568422
107,5.483093791021862
108,5.3872914772077065
109,5.559336172934221
110,5.882731922249861
111,6.098917729156249
112,6.2237586194495
113,6.752034015549008
114,7.1703856874440906
115,7.214263107423531
116,7.273147161279673
117,6.929299568577127
118,6.551405522017639
119,6.148356357067691
120,5.9207264019154575
121,5.742945839216674
122,5.598438453369236
123,5.645748798077716
124,5.979416375804774
125,6.085145052356993
126,6.626028024762372
127,6.9284268020161415
128,6.859903506755098
129,7.100447079292823
130,7.3576484101596815
131,7.628865947540418
132,7.513128045413431
133,7.280361136112697
134,7.029835044377926
135,6.778345124174305
136,6.726780438248046
137,6.638470544659454
138,6.199029263220549
139,5.911302006533731
140,5.387340024693982
141,5.091976409800222
142,4.951404375963299
143,4.771308515754837
144,4.6413575989373985
145,4.629579304264826
146,4.581775785011334
147,4.268645972779766
148,4.09344316649508
149,4.0796207673743385
150,3.7445717542858343
151,3.4713668251670367
152,3.118216331163188
153,2.8117569191973004
154,2.6995813925712184
155,2.528726500838663
156,2.436536846880572
157,2.4653030006454886
158,2.3005690009425557
159,2.2597113723537747
160,2.212272615392444
161,2.243507056706793
162,2.3389363180877076
163,2.1484490225802118
164,2.034801447046658
165,1.8679144841658548
166,1.7943627476673418
167,1.6754336566923325
168,1.407200945629878
169,1.2016455369111085
170,1.2192550022587767
171,1.112806453591677
172,1.320369335376415
173,1.2213597325618704
174,1.339980565044308
175,1.2075728077506271
176,1.0303955177132007
177,0.9855437224781403
178,0.8610759174554312
179,0.7989547508776242
