,0
0,0.059010094634087906
1,0.0
2,0.0
3,0.0
4,0.0
5,0.0
6,0.0
7,0.0
8,0.0
9,0.0
10,0.0
11,0.0
12,0.0
13,0.0
14,0.0
15,0.0
16,0.0
17,0.0
18,0.07904896591814214
19,0.441920024214979
20,0.9227726179035614
21,1.0967696456611788
22,1.3262615907178947
23,1.9106605425152772
24,2.251446218949392
25,2.420562113031308
26,2.790334243621343
27,3.470495379117737
28,3.9101596810384076
29,4.527604594617615
30,4.996400590635267
31,5.871383615952352
32,6.436570768942829
33,6.6620036489554835
34,6.967029137313317
35,7.371940801738966
36,7.7035172337401825
37,8.029738740782987
38,8.383653368631528
39,8.711721004059578
40,8.986632271268423
41,9.091493921482183
42,9.104624209836143
43,9.211929998205942
44,9.27590035567021
45,9.320485029972417
46,9.470510025135473
47,9.682392504596676
48,9.585748503323721
49,9.538483679517004
50,9.375421551355881
51,9.329681699781743
52,9.274590784623555
53,9.004872397287613
54,8.959967623288517
55,8.883909072886663
56,8.946991988387433
57,9.16467243752836
58,9.357651307455594
59,9.463756966530408
60,9.647271358174178
61,9.826980318820954
62,9.968991587261819
63,10.146890439337888
64,10.297412238102593
65,10.54809229611745
66,11.089605309640165
67,11.580004403147191
68,11.635186855807817
69,11.750027629364102
70,11.730029134627113
71,11.768049679117834
72,11.747554823834268
73,11.695877422757484
74,11.467899543082943
75,11.36220732080856
76,11.256656502438766
77,11.176709978699275
78,10.942561235989533
79,10.567678662704363
80,10.490905851935214
81,10.429621350007746
82,10.163107697778207
83,9.980534760457546
84,9.625395777909985
85,9.564844336780926
86,9.377804547882047
87,9.167874623129558
88,8.595628855575598
89,8.025530720324845
90,7.82789167611282
91,7.713194992466228
92,7.3049871314477155
93,6.801828213083119
94,6.412942185242502
95,5.972051205999746
96,5.789150559542433
97,5.443915697450763
98,5.798571158844079
99,5.900851481882777
100,6.202955333188779
101,6.570054033051905
102,6.818872524286724
103,7.258827483388142
104,7.455364628952794
105,7.6036772049239465
106,7.149318273139725
107,6.305085613090352
108,5.7450489433765775
109,5.189119242605423
110,5.113227802426296
111,5.882733740930601
112,6.0307811172483055
113,6.158117259357229
114,6.191395821136192
115,6.320261169387607
116,6.5213632387498155
117,6.399738196459837
118,6.526071800906329
119,6.789233743287107
120,6.879450245975937
121,6.708445897597148
122,6.166709210760911
123,5.434838705244638
124,4.8748970648467305
125,4.526904405049252
126,4.159549940590654
127,4.248944384272688
128,4.4995127495560885
129,4.709129041188428
130,4.796432222366875
131,4.701456164874718
132,5.177160188297253
133,5.109183613036615
134,5.183415077477179
135,5.233227642820672
136,5.44314778603317
137,5.606838765676997
138,5.7340962643019395
139,5.7527184457096
140,5.428421865920125
141,5.121100026728356
142,5.074920596347806
143,4.901653946366628
144,4.955123167136831
145,5.192093493530875
146,5.313975636350426
147,5.507505213110709
148,5.611724626914407
149,5.622672679120831
150,5.509268000272299
151,5.478768234532131
152,5.502693892319068
153,5.01938730521134
154,4.477596198537334
155,3.927144789711029
156,3.6258430629896976
157,3.5785757752340572
158,3.68375319282831
159,3.6421939124295357
160,3.3577928420458494
161,3.1076042629641547
162,2.873505675591271
163,2.6586735387338636
164,2.344693934341375
165,1.8256503229214425
166,1.5752765498250008
167,1.306189912733327
168,1.1253300192743314
169,1.0563094899912864
170,1.0448373847722374
171,1.0782043029794437
172,1.04814176800455
173,0.8811042204275097
174,0.6403496120995182
175,0.5867267120188693
176,0.5783094523704921
177,0.4530897628233381
178,0.3721038226308204
179,0.0
